x1,x2,x3,x4,x5,x6,x7,x8,x9,x10,x11,x12,x13,x14,x15,x16,y
20,20,20,20,20,20,20,20,20,20,20,20,20,20,20,20,1.6518
29.018,23.395,21.668,26.985,22.49,25.464,22.059,24.453,27.932,26.436,24.646,28.339,27.359,24.213,29.274,26.993,1.1949
29.293,29.535,22.763,27.279,22.08,29.412,24.195,22.871,27.536,28.092,23.412,22.476,28.448,21.795,25.408,20.957,1.3328
29.078,21.97,22.197,22.162,23.119,27.393,20.585,25.158,21.592,29.446,21.386,25.665,27.788,23.552,24.422,29.158,1.2599
24,24,24,24,24,24,24,24,24,24,24,24,24,24,24,24,1.0381
27.61,26.559,22.511,23.293,28.862,23.93,27.288,23.563,27.699,23.333,27.014,26.391,22.087,29.134,22.093,20.717,1.2725
22.437,25.802,20.669,23.055,21.443,23.235,25.084,26.737,25.787,25.803,25.961,27.878,24.982,27.648,28.406,25.641,1.1758
27.839,28.859,22.075,28.872,24.961,29.943,20.314,25.468,20.511,21.193,28.139,28.751,20.96,23.69,20.077,26.783,1.3359
24.172,27.58,27.445,28.024,23.785,27.864,29.002,27.619,25.018,29.743,28.172,24.483,24.798,28.804,22.791,26.571,1.2042
23.774,21.599,29.851,26.054,25.101,20.286,20.616,21.6,28.779,21.374,29.719,26.356,25.61,26.174,21.337,26.328,1.3071
27.109,28.294,27.102,28.01,27.389,22.925,20.459,21.24,28.537,29.107,23.073,29.019,25.733,25.806,24.481,22.89,1.2768
20.298,22.981,22.218,29.809,20.994,23.557,28.121,25.077,20.023,28.703,22.074,28.552,28.204,23.481,22.46,22.607,1.3006
23.717,24.515,29.219,21.146,20.76,22.785,20.171,27.377,24.644,21.071,24.808,25.719,26.425,25.771,25.448,26.348,1.2337
27.437,28.057,28.643,25.733,25.001,20.202,25.327,25.739,29.645,22.002,25.039,28.02,27.714,24.958,24.182,24.759,1.1783
29.852,23.216,26.116,28.637,29.292,27.537,27.145,24.334,23.85,20.153,21.411,29.155,20.701,25.319,28.135,25.915,1.2569
27.3,20.268,27.749,28.916,27.709,29.057,26.503,27.859,22.239,23.574,27.485,21.543,26.183,21.565,26.784,27.991,1.2885
21.882,24.712,20.233,26.255,26.043,22.255,29.37,29.318,20.187,25.684,28.606,22.536,28.245,26.491,21.631,29.745,1.3223
22.796,26.907,23.524,22.861,26.693,26.214,21.336,25.189,26.86,26.782,28.44,27.043,24.373,23.965,26.656,25.994,1.1659
26.907,26.965,29.426,23.878,24.925,27.546,25.183,20.05,24.552,20.79,22.625,29.212,26.84,28.419,25.734,22.42,1.2412
24.284,21.258,28.231,23.467,20.134,24.011,22.92,27.127,21.514,20.069,24.326,25.152,20.285,29.704,20.061,20.592,1.3516
23.932,24.444,23.987,20.918,28.952,26.026,21.542,29.908,27.758,26.079,26.008,26.066,28.891,29.951,25.921,28.928,1.1888
21.655,20.51,24.494,23.412,20.02,25.216,22.243,22.725,24.197,22.402,24.56,29.919,22.705,27.173,21.986,25.979,1.3096
25.864,27.639,20.165,28.2,20.165,24.322,22.625,26.28,23.083,22.046,25.742,28.368,27.534,21.85,25.391,27.637,1.2889
29.165,25.46,21.605,26.071,24.192,20.024,29.249,29.52,22.485,23.623,24.038,25.499,26.052,27.14,26.358,27.342,1.2235
28.93,22.589,23.574,22.741,23.67,20.897,21.981,24.645,25.551,24.008,24.927,21.16,21.071,25.355,24.912,24.274,1.2135
24.542,24.736,21.013,26.498,29.86,22.561,27.266,23.298,20.557,22.751,23.483,22.937,28.793,24.568,28.007,24.001,1.2547
21.263,21.887,25.691,24.767,21.631,29.713,24.591,23.791,23.548,29.063,27.741,28.887,26.306,27.001,23.371,22.972,1.2042
20.443,25.703,26.289,27.102,24.633,26.076,21.59,22.916,20.125,26.989,20.535,22.155,25.089,26.935,24.825,26.777,1.2859
22.279,20.485,28.411,21.466,28.003,24.401,20.853,26.179,29.979,24.718,29.439,25.282,27.003,22.527,26.902,24.963,1.2436
27.137,29.228,28.758,20.583,29.386,28.952,27.197,20.124,27.179,22.951,27.449,28.959,28.404,20.608,26.471,22.492,1.3195
23.631,23.14,28.815,26.633,27.022,26.866,20.088,25.268,23.976,27.627,22.997,21.601,27.251,29.604,25.975,28.701,1.2255
28.65,22.865,24.696,27.192,25.772,29.802,29.03,26.531,20.968,21.813,23.73,23.195,24.682,23.735,27.208,25.466,1.2246
29.423,25.95,22.376,27.454,29.727,24.419,21.133,29.942,29.432,20.701,27.12,26.57,26.36,24.931,22.924,25.221,1.2415
25.938,23.429,23.135,23.476,21.943,28.925,28.288,28.397,27.567,24.81,21.036,28.845,23.772,23.601,28.609,25.408,1.2195
21.231,28.822,28.272,25.755,27.314,20.452,26.586,24.246,26.177,20.92,23.133,27.261,27.429,22.999,26.52,20.497,1.3114
25.622,28.653,21.431,24.624,20.589,23.882,27.028,25.006,22.948,29.366,25.418,22.328,22.819,26.463,21.692,21.061,1.3092
25.871,28.978,24.93,25.19,22.416,24.146,29.917,22.594,27.107,27.732,20.068,21.033,22.499,24.241,29.451,28.618,1.2831
25.65,28.305,29.893,28.71,29.505,25.807,20.762,22.311,22.996,29.534,21.623,22.001,25.512,26.344,26.313,23.541,1.2824
21.295,24.5,21.08,27.764,29.23,23.67,27.224,23.136,26.824,23.739,29.017,29.028,29.114,25.698,27.27,21.996,1.2578
29.818,29.327,26.431,22.518,22.564,21.077,21.869,20.231,29.699,25.738,20.595,22.034,24.147,28.911,21.112,26.138,1.3596
29.342,21.021,20.067,28.757,20.465,21.78,20.826,28.905,29.574,26.588,22.974,27.89,25.812,25.946,24.732,28.105,1.3376
22.652,21.138,24.667,20.948,28.208,22.237,29.749,23.692,29.2,28.339,26.422,28.065,25.453,26.2,23.651,29.473,1.2383
27.663,24.687,25.185,25.873,21.285,21.048,20.926,29.537,22.383,24.274,23.915,28.787,29.069,25.534,27.686,20.514,1.2883
25.267,24.008,25.315,25.856,28.077,26.922,23.753,26.056,25.675,29.261,20.343,21.095,29.176,26.727,28.572,23.448,1.2078
24,24.999,25.059,24.989,29.922,29.718,22.567,21.415,28.752,27.278,28.419,25.178,29.134,22.224,24.955,28.284,1.2229
20.155,27.868,29.984,23.662,25.121,21.51,22.441,20.392,27.503,21.199,22.711,29.902,22.889,20.654,25.578,26.84,1.3718
25.582,24.224,21.06,22.069,23.541,25.285,25.634,23.841,24.366,24.417,20.354,22.684,23.265,21.468,20.258,26.948,1.2565
21.901,21.837,23.687,22.874,28.358,22.684,21.214,23.911,28.57,25.908,23.217,24.154,21.145,23.707,28.314,29.272,1.2494
29.611,27.005,26.988,25.545,23.18,28.603,27.965,27.795,27.386,22.358,26.605,21.181,20.344,24.439,28.425,25.455,1.2439
29.046,25.833,27.157,24.569,29.346,24.963,22.587,25.092,23.906,20.415,21.994,28.61,23.748,21.025,27.437,25.374,1.2693
20.784,28.798,28.545,20.044,20.19,27.936,22.956,27.337,26.197,27.778,22.475,20.28,25.787,28.18,23.981,21.871,1.3415
26.288,23.618,27.997,20.709,29.765,26.56,22.691,25.592,25.278,23.435,20.116,25.403,27.866,21.256,21.48,27.437,1.2998
20.932,26.385,23.215,22.781,22.94,23.994,24.737,23.677,27.837,29.404,26.672,29.964,27.733,26.715,28.521,28.238,1.1761
23.343,29.302,21.257,20.624,24.588,24.801,26.006,25.372,29.959,28.509,23.783,21.761,21.917,25.044,26.712,26.2,1.2591
22.377,24.771,25.147,28.531,27.415,26.162,24.417,29.622,21.184,25.769,22.359,23.34,29.327,20.041,29.031,22.824,1.2694
24.038,21.512,26.453,24.865,28.793,23.045,20.729,23.98,28.823,23.998,25.107,20.23,24.521,28.715,21.953,20.308,1.2706
27.455,27.207,23.658,29.404,25.968,27.693,29.566,26.27,22.199,29.585,28.361,22.058,24.011,22.996,29.122,23.922,1.2559
23.466,21.167,24.423,29.212,29.263,28.651,28.919,25.495,27.597,21.122,24.465,20.123,28.101,24.774,20.514,21.574,1.2923
24.441,21.772,25.04,23.84,21.6,22.631,23.883,20.712,23.603,22.711,24.494,29.194,27.471,25.905,21.25,23.491,1.2301
27.487,25.494,28.684,22.461,25.253,20.788,20.403,26.222,24.182,25.386,28.123,24.46,20.876,26.375,28.347,23.588,1.2287
25.435,24.874,29.535,23.016,22.981,20.869,29.28,24.571,23.936,29.004,24.581,25.612,29.513,29.873,24.621,29.888,1.1861
26.208,26.764,24.478,22.552,26.679,27.908,26.868,26.345,25.394,24.61,21.114,27.361,20.611,21.519,29.385,22.118,1.2506
25.297,21.523,20.836,21.556,24.025,23.824,23.667,28.743,29.785,20.596,23.376,26.884,22.254,27.816,29.792,26.171,1.2518
25.81,20.17,29.322,22.664,25.059,26.621,26.888,26.925,23.805,21.612,22.821,20.594,22.152,21.413,29.614,26.471,1.3186
23.3,28.681,22.141,26.44,29.813,25.601,28.743,25.997,25.475,28.527,27.611,26.288,26.947,28.018,29.513,20.617,1.1865
22.752,26.043,28.51,21.393,26.508,21.188,23.267,20.157,20.572,20.96,27.295,26.649,22.316,25.278,27.4,20.206,1.3558
29.67,23.499,25.235,29.048,21.024,29.194,29.815,28.983,23.327,24.988,27.883,20.728,23.439,27.27,25.842,25.098,1.26
22.14,28.629,22.264,27.953,25.046,20.568,26.051,20.436,27.283,26.67,29.075,27.616,20.194,27.207,20.211,26.645,1.2905
20.278,29.78,24.191,27.838,24.088,26.572,20.025,29.673,24.51,21.851,25.369,26.028,24.593,20.012,22.223,25.326,1.2728
26.683,22.417,24.787,26.954,20.743,22.655,26.33,27.688,24.033,24.457,21.712,25.55,20.746,23.065,23.832,20.444,1.2599
20.88,24.552,21.743,24.021,29.585,24.667,23.496,29.697,26.53,26.536,23.713,23.937,22.904,20.725,29.826,21.597,1.2806
28.588,20.591,23.706,28.98,25.586,25.845,28.556,22.859,28.909,28.718,21.583,23.79,24.705,23.451,26.92,24.666,1.2491
28.378,21.226,29.293,28.58,26.8,29.853,25.495,20.773,23.491,28.653,22.546,25.007,25.425,26.218,28.929,29.504,1.251
28.492,29.383,25.783,22.357,22.814,23.149,23.944,21.658,29.176,20.672,25.255,26.844,21.611,21.815,26.588,27.674,1.2822
27.754,25.731,26.313,25.575,28.732,20.652,27.67,23.784,23.758,22.447,20.487,23.846,22.984,28.089,28.613,20.752,1.303
25.697,23.804,23.792,25.276,21.319,24.733,24.398,23.915,29.245,23.391,21.058,20.467,28.357,20.835,27.826,28.832,1.2613
27.039,22.367,20.109,20.758,27.76,27.747,20.708,29.018,24.707,20.988,29.542,23.011,29.529,20.122,23.907,21.256,1.3797
22.883,27.688,22.735,27.869,29.965,20.14,20.789,21.697,27.897,27.534,27.213,20.21,23.034,25.206,25.652,23.106,1.3018
24.144,20.321,20.817,27.145,23.153,23.422,28.67,29.027,24.439,20.056,20.617,24.106,26.756,28.334,29.192,25.83,1.2512
22.625,26.458,22.839,23.36,22.387,25.642,27.733,22.749,22.013,25.958,23.69,27.768,21.784,22.587,29,24.838,1.2512
27.595,29.128,25.912,29.144,23.076,28.103,25.886,20.739,24.76,23.692,28.556,20.422,29.426,28.113,22.726,20.541,1.3049
20.889,26.684,22.905,27.76,29.161,21.163,22.228,20.844,24.062,29.163,25.587,24.623,21.888,29.676,23.469,25.884,1.2848
29.487,27.169,28.176,20.802,22.102,26.965,29.988,25.399,24.822,20.48,22.21,24.207,25.241,29.643,22.581,20.939,1.3199
23.077,26.262,27.26,24.696,21.327,23.867,26.14,26.79,27.617,28.237,23.628,28.22,24.281,24.89,27.783,20.846,1.2228
26.311,27.986,25.359,25.827,23.747,28.871,25.615,27.636,28.179,27.141,27.001,26.418,28.998,24.5,28.883,26.735,1.1458
28.904,23.699,27.641,21.016,22.436,25.927,29.364,23.28,28.424,21.506,24.389,20.984,24.08,20.067,29.974,23.968,1.2958
26.382,24.916,27.939,26.172,27.765,25.674,22.207,25.659,29.345,27.81,29.591,27.834,26.372,26.139,28.923,27.907,1.1595
28.64,24.26,29.643,21.848,24.827,27.121,24.552,21.108,20.21,27.703,21.782,28.63,22.294,21.446,28.186,29.778,1.3191
26.033,27.819,26.472,27.693,21.241,22.294,21.014,23.103,21.097,26.742,20.836,24.639,21.422,22.187,27.009,29.919,1.3478
27.949,28.163,24.121,25.704,25.708,20.271,27.583,24.447,21.574,25.611,23.82,27.696,28.198,20.502,20.826,24.545,1.2638
24.235,27.563,20.906,25.373,24.269,23.608,20.257,20.261,24.691,28.886,28.711,23.62,23.957,22.453,24.996,29.123,1.2698
23.372,23.978,23.278,20.304,20.655,29.286,27.068,27.899,23.043,29.04,22.863,26.491,23.317,25.573,22.888,26.684,1.2763
29.216,21.288,25.959,29.988,27.186,24.179,21.997,23.019,27.038,25.511,25.976,26.949,22.626,20.857,28.729,24.891,1.2629
24.299,23.678,21.837,22.102,21.205,21.001,24.615,28.3,25.301,23.275,26.099,21.574,21.003,29.994,23.71,29.951,1.2703
25.363,29.169,22.156,25.071,20.335,29.481,29.502,20.031,21.757,27.588,25.563,22.222,24.794,23.797,20.576,23.864,1.2996
26.492,25.198,25.012,27.228,25.662,23.71,23.846,21.365,20.617,22.271,26.524,27.242,26.634,29.038,28.516,21,1.2502
29.203,22.054,26.629,22.016,21.791,28.185,29.19,25.43,27.009,23.505,22.681,22.793,27.669,20.391,23.23,21.481,1.3198
26.11,24.606,21.941,20.743,28.701,23.104,24.267,26.517,26.891,20.196,23.171,23.251,21.513,26.091,25.037,24.214,1.2533
21.673,25.369,29.172,24.209,21.159,22.614,23.785,23.871,26.389,26.788,24.531,21.635,22.724,21.001,27.306,25.565,1.2596
20.679,24.187,24.054,22.215,20.399,28.78,26.824,29.468,20.043,28.048,25.546,23.723,27.294,23.357,29.867,20.065,1.3075
22.59,24.048,25.281,21.515,26.079,26.725,24.917,28.25,28.966,29.6,26.694,20.957,27.49,23.099,24.546,27.963,1.2068
26.266,28.208,26.197,27.037,25.94,25.082,25.289,20.479,26.56,26.521,20.891,23.432,22.404,29.302,22.125,22.333,1.281
28.438,21.463,24.879,24.303,20.666,28.301,24.021,24.623,20.449,25.464,24.266,22.131,20.017,26.271,27.179,29.296,1.268
23.198,25.438,29.596,28.818,29.188,29.123,28.353,25.98,26.418,26.104,24.974,29.265,22.668,29.812,21.909,27.943,1.222
27.789,25.973,27.43,23.156,27.247,24.908,28.613,27.259,26.045,21.435,20.396,24.981,20.803,24.723,25.518,22.644,1.2239
24.832,25.522,28.463,25.646,29.645,24.79,26.974,29.34,29.742,20.632,27.045,28.716,20.939,22.954,22.844,23.399,1.2474
25.228,27.063,20.36,23.927,20.813,25.346,25.35,21.803,28.931,21.398,27.582,22.775,29.623,20.225,20.624,22.728,1.3523
20.527,29.426,24.915,20.87,23.62,28.38,26.716,22.413,22.277,21.783,20.448,29.822,25.866,22.914,22.313,28.21,1.3553
24.971,29.508,20.48,26.859,21.875,20.339,20.949,29.721,21.452,22.103,21.701,26.918,21.931,27.847,22.776,22.767,1.3957
23.621,23.952,27.03,27.81,27.599,29.176,20.197,23.959,29.314,23.651,20.544,20.344,22.48,26.605,28.771,26.716,1.2842
24.212,27.942,29.908,29.282,20.111,21.573,24.816,21.706,22.843,20.563,28.05,25.302,29.461,27.299,26.766,27.47,1.2877
21.964,23.726,23.499,29,28.901,22.761,23.356,27.962,21.275,21.461,28.516,22.451,26.71,27.715,26.062,25.173,1.2629
23.402,21.428,20.96,28.096,25.849,20.234,27.366,23.418,23.434,24.733,20.255,21.719,20.057,24.195,20.331,28.766,1.3329
26.545,20.718,26.583,27.511,29.495,25.943,21.919,21.638,26.241,29.799,28.884,21.4,24.109,24.99,28.147,28.968,1.2799
26.599,22.63,27.351,27.443,27.939,21.022,24.696,28.786,27.235,23.902,29.752,26.511,24.212,24.684,28.041,24.99,1.2063
27.382,20.738,23.864,23.504,20.281,20.434,21.362,27.178,22.039,25.336,23.302,25.436,23.194,26.775,21.707,22.67,1.3295
28.721,29.341,20.515,20.514,27.154,23.079,29.213,29.431,20.421,27.428,27.442,25.076,21.267,24.885,28.387,26.259,1.3002
21.71,26.8,27.18,29.205,20.821,27,22.334,29.596,29.283,28.822,25.907,27.324,20.077,20.34,29.474,29.655,1.3224
23.421,23.868,23.048,29.842,26.311,26.36,21.468,25.326,21.797,22.205,22.905,26.313,24.987,24.114,23.728,24.18,1.2056
25.611,26.979,27.768,24.284,21.084,25.435,21.309,28.451,26.738,22.982,24.001,23.985,29.892,29.378,27.042,24.04,1.2228
20.984,26.866,25.86,29.576,27.638,23.456,21.932,20.955,22.09,22.218,29.903,28.449,23.297,21.648,21.285,22.231,1.3715
23.003,29.984,20.933,24.329,28.3,25.135,21.842,28.356,23.572,23.057,26.262,23.637,20.127,21.614,28.221,28.448,1.2986
20.839,29.473,21.53,28.297,23.294,22.014,23.713,20.882,20.988,26.469,29.953,20.896,21.221,28.496,22.541,27.152,1.3638
24.896,27.238,21.904,25.671,24.823,28.965,26.163,26.779,27.214,26.716,23.347,27.823,20.586,20.199,20.468,24.526,1.2485
29.257,27.958,23.609,20.156,26.99,22.88,20.35,20.375,26.956,29.991,20.869,24.169,29.954,27.426,25.476,27.861,1.3137
24.339,28.016,29.559,21.376,27.333,23.472,20.237,27.929,28.063,22.635,29.159,28.968,25.229,27.539,29.947,23.665,1.2609
23.813,29.877,25.501,29.361,28.649,24.673,23.078,23.484,27.681,29.237,26.545,24.394,21.453,27.083,26.19,26.055,1.2274
23.95,26.486,27.349,24.469,24.678,23.16,26.196,22.575,22.882,20.407,24.034,21.326,27.553,29.874,23.205,20.054,1.2722
24.115,22.741,26.915,21.083,28.811,24.628,27.65,26.09,24.929,24.856,26.582,28.825,23.579,29.443,24.837,23.602,1.1717
25.475,27.486,29.058,25.433,27.113,28.208,28.953,25.118,29.46,28.786,23.122,23.785,26.254,24.259,24.41,24.928,1.1876
25.398,21.129,21.724,26.742,26.96,21.86,23.023,23.35,21.24,24.367,21.483,24.817,22.934,29.343,26.848,24.307,1.2664
29.808,26.747,27.695,21.584,22.882,27.807,25.73,21.262,21.163,22.127,21.08,27.083,28.937,21.906,22.653,23.521,1.3357
28.118,26.413,28.236,26.534,25.423,27.704,24.509,22.452,29.469,27.54,27.067,22.521,25.021,27.004,22.063,21.924,1.2488
22.339,22.261,20.868,22.911,20.548,26.31,28.858,24.183,22.439,29.875,26.125,23.554,20.902,21.085,29.664,29.435,1.3221
26.441,25.083,21.116,22.322,21.069,25.795,26.934,21.311,21.918,21.882,28.546,23.493,21.089,26.626,25.065,28.5,1.3144
27.202,25.573,22.486,23.397,25.168,21.738,27.702,25.744,20.858,26.367,27.284,28.521,22.236,23.635,26.947,26.525,1.2192
25.161,29.008,21.332,23.972,25.271,25.311,28.603,24.827,24.152,20.527,20.641,27.202,24.056,20.693,27.482,22.269,1.2602
29.507,21.803,22.963,24.511,24.135,23.633,26.598,23.449,25.923,27.387,21.348,27.742,28.306,26.055,20.925,27.052,1.2186
27.279,27.786,21.673,28.059,26.287,28.44,27.785,29.784,24.336,22.559,29.377,29.683,24.243,27.995,28.46,20.656,1.287
25.536,27.9,20.432,29.6,27.27,28.542,29.461,23.64,26.571,27.883,28.316,21.443,27.887,24.36,28.668,25.693,1.2469
20.441,22.016,21.228,23.653,23.694,28.139,29.869,25.033,25.406,26.4,24.883,26.75,25.181,22.351,24.931,24.485,1.1739
28.469,25.173,29.513,20.384,26.627,26.669,27.462,24.041,22.518,28.849,29.274,21.05,23.821,25.152,21.446,21.104,1.3194
28.887,28.397,28.038,26.336,24.384,29.749,25.907,20.601,21.362,20.858,29.666,26.76,25.563,25.083,26.452,29.337,1.2415
22.001,23.322,29.376,20.356,24.491,24.943,24.071,29.437,28.851,26.038,27.649,27.45,26.231,28.307,24.345,24.367,1.165
22.427,26.647,23.954,25.02,21.53,21.641,23.811,29.991,20.496,26.963,27.527,21.794,20.435,25.378,22.686,27.742,1.2977
24.076,26.239,21.801,28.648,25.345,23.741,25.043,29.855,27.417,26.311,24.256,27.311,26.606,27.471,25.277,28.717,1.1586
27.356,23.525,27.594,28.693,28.759,27.171,24.113,28.812,26.978,23.475,29.322,20.64,22.747,22.307,23.54,23.81,1.2542
21.463,29.035,29.472,20.555,21.897,29.336,25.064,21.982,29.226,20.116,22.284,28.658,24.177,21.113,24.512,21.104,1.3895
24.391,23.538,20.57,22.035,21.725,21.38,25.653,24.935,23.007,29.946,26.39,27.142,28.024,28.555,20.892,23.078,1.2581
24.049,20.126,24.39,23.576,27.495,25.967,25.42,26.957,24.073,22.856,21.423,26.122,25.532,24.752,23.289,21.757,1.2077
28.234,26.817,24.729,24.959,22.719,22.105,25.755,23.178,28.229,25.163,24.424,22.417,28.744,28.96,21.839,27.497,1.2557
20.086,24.385,20.15,24.894,26.742,23.2,29.636,22.266,22.544,28.445,27.328,24.723,21.687,28.632,25.093,27.162,1.2798
27.252,22.878,20.449,29.076,21.549,23.295,23.172,27.4,21.848,27.943,20.978,20.065,24.905,27.249,21.8,22.436,1.3385
25.036,28.197,24.035,29.484,23.457,27.271,26.533,25.252,20.707,27.08,21.296,29.803,26.059,26.011,21.591,25.668,1.2198
28.771,27.101,21.546,21.623,28.974,29.381,26.374,28.565,26.717,27.448,22.099,25.918,26.549,26.868,26.533,21.333,1.254
20.959,22.675,23.916,21.229,20.894,26.414,23.597,22.377,25.097,27.171,26.635,21.455,27.135,23.163,20.43,28.524,1.2986
22.229,24.356,23.44,27.65,24.231,20.8,27.342,26.892,21.691,21.141,27.396,25.852,21.176,21.873,24.103,25.546,1.2642
23.833,28.497,29.197,27.602,23.862,26.521,26.725,27.584,29.617,24.925,21.854,29.072,21.107,24.152,26.998,21.538,1.235
28.009,22.288,21.482,21.254,21.406,27.84,26.421,26.817,22.594,25.211,28.849,29.341,25.172,27.328,27.936,20.27,1.2805
21.534,24.661,24.588,25.907,24.571,27.445,29.084,21.346,27.875,25.623,24.917,20.477,23.01,22.523,26.822,27.082,1.2479
23.723,22.162,20.784,20.903,25.313,28.129,28.162,23.617,20.826,29.925,27.971,21.27,26.933,20.886,20.779,22.555,1.3321
20.38,20.79,21.882,27.61,20.504,21.909,27.413,27.018,23.297,21.337,22.446,26.17,29.822,27.918,27.855,27.233,1.3203
20.209,27.278,24.373,24.605,28.189,27.658,29.938,28.382,26.923,28.001,26.226,24.051,25.753,23.58,26.183,27.796,1.2016
21.192,29.829,21.414,28.157,28.365,24.077,29.474,26.613,20.746,29.142,26.437,22.361,25.921,27.381,23.154,22.711,1.2751
26.856,29.184,24.344,23.203,23.581,29.367,28.072,26.867,27.341,27.102,20.692,23.909,20.274,29.718,21.191,23.189,1.2642
22.16,23.755,25.813,24.723,26.896,29.609,22.652,21.169,25.968,20.784,29.502,28.299,22.608,22.157,21.644,28.476,1.3248
20.104,22.705,25.661,23.134,27.895,29.816,21.803,28.276,25.609,21.6,28.764,27.387,27.213,29.917,27.359,24.61,1.2285
26.926,23.933,25.395,25.333,20.411,25.077,29.8,21.99,21.526,25.45,21.574,27.712,27.621,28.528,29.23,22.934,1.2667
29.758,24.081,21.385,23.07,27.978,20.681,25.463,28.115,28.868,25.528,20.712,23.454,24.56,22.831,27.599,20.232,1.2996
28.016,25.295,22.672,24.227,22.27,29.088,20.979,22.641,21.937,27.317,29.926,24.096,24.85,24.009,29.34,29.645,1.2638
26.994,26.143,26.682,25.78,21.504,29.927,28.175,20.65,20.327,22.074,22.787,20.829,22.382,28.275,22.34,27.364,1.3731
20.805,26.018,25.594,29.91,23.809,26.495,20.501,22.709,22.932,24.482,25.831,24.351,26.747,22.603,23.425,21.483,1.2669
29.385,20.131,27.074,22.954,25.829,28.682,27.043,27.421,23.109,20.295,29.649,22.858,22.032,25.881,20.189,21.18,1.3615
26.061,21.927,22.007,24.747,22.12,29.237,20.433,29.877,22.816,26.198,22.396,27.653,21.365,25.737,27.637,24.038,1.2774
21.845,25.247,28.988,25.591,24.112,22.949,26.284,20.664,21.651,24.787,29.345,23.951,28.523,21.291,25.898,22.792,1.2625
24.479,23.082,23.121,26.586,20.293,21.583,24.985,28.464,26.618,29.327,23.335,21.661,26.163,26.304,22.598,20.148,1.2922
22.703,23.463,22.457,26.7,22.859,21.452,20.143,24.514,28.147,21.537,27.705,23.103,28.622,25.475,21.874,28.302,1.285
24.625,20.779,28.951,29.524,25.788,28.044,27.905,24.583,22.313,24.217,29.797,28.903,24.732,28.763,25.807,22.075,1.2394
23.542,25.754,26.231,24.173,26.623,26.648,21.738,23.39,28.326,21.959,21.894,23.14,27.03,22.656,22.811,26.894,1.2699
27.884,21.384,20.315,21.31,23.338,21.727,24.531,27.532,22.138,24.68,26.725,20.763,21.327,22.879,27.8,21.304,1.35
21.346,28.386,26.375,28.782,22.541,21.41,26.457,29.763,29.082,20.242,25.728,28.162,28.492,24.449,26.03,25.773,1.2626
26.841,24.848,26.56,29.654,22.804,24.528,25.988,26.718,27.138,23.006,20.161,24.26,26.112,25.131,20.096,29.593,1.2306
21.045,28.259,28.311,20.23,26.107,27.957,27.428,28.715,22.268,24.349,26.168,29.491,21.525,26.084,28.264,25.178,1.2635
28.862,25.89,21.183,21.51,28.487,29.553,29.55,21.451,26.281,28.566,29.184,20.298,27.404,21.295,26.663,22.043,1.3404
20.479,27.078,26.842,26.121,25.892,25.402,25.804,22.157,24.32,20.902,27.368,29.996,23.692,29.516,27.952,24.472,1.2376
29.95,22.468,20.56,26.434,26.939,23.808,24.934,26.591,28.718,25.184,21.644,23.679,21.014,27.899,29.768,24.586,1.2501
28.813,20.558,28.353,21.007,28.296,20.959,22.832,22.276,27.379,26.924,28.923,23.363,21.756,20.555,29.337,25.592,1.3695
28.342,23.224,22.419,21.905,25.922,20.716,26.07,26.425,28.515,28.364,20.053,21.877,20.835,23.379,21.539,23.369,1.3022
22.063,21.922,27.906,22.131,22.287,20.565,24.731,26.145,21.982,21.942,23.798,21.675,28.807,29.535,25.617,21.392,1.3182
21.609,29.924,27.515,28.461,23.02,23.955,24.371,27.132,28.589,25.029,28.817,28.296,22.206,27.056,21.064,25.135,1.2289
22.244,28.738,22.278,24.089,26.007,24.249,29.123,20.068,26.477,22.926,26.32,27.986,20.566,26.423,20.148,21.436,1.2963
21.216,29.082,29.717,27.37,24.649,26.8,25.555,24.885,20.904,28.129,26.84,25.019,29.98,29.004,29.149,26.855,1.2134
24.368,21.739,22.569,22.443,29.671,22.371,25.813,26.207,20.267,24.962,23.039,22.744,28.135,20.946,22.154,21.821,1.3119
21.075,20.362,25.121,22.184,28.049,29.644,22.382,21.062,28.674,22.791,20.984,20.13,28.296,28.66,25.751,29.81,1.3691
20.164,22.507,28.772,25.487,24.737,22.986,23.582,24.9,25.622,22.821,23.562,24.758,29.6,25.976,29.088,23.691,1.1911
22.545,25.861,27.811,21.174,28.169,25.534,20.333,23.518,23.399,28.307,22.872,23.529,24.444,20.451,24.706,23.744,1.2568
29.131,29.721,24.979,27.507,23.404,26.896,22.398,24.694,27.29,22.27,22.616,23.393,27.602,29.757,20.736,24.386,1.2846
27.913,28.425,29.048,23.608,22.628,22.163,21.79,23.735,24.915,29.301,23.439,21.805,23.178,29.493,27.473,26.551,1.2994
27.975,25.34,28.913,21.291,24.466,24.122,20.681,28.199,25.011,21.563,25.3,20.543,21.566,21.936,23.378,23.342,1.2956
24.691,20.085,22.621,25.168,27.625,20.177,22.986,25.911,20.13,21.312,26.358,29.528,29.589,20.295,23.048,21.935,1.3263
20.725,21.71,20.721,28.437,27.812,24.595,24.336,29.154,21.206,29.839,29.215,29.591,27.934,20.147,28.291,24.727,1.2903
20.726,29.667,24.289,24.947,26.156,20.602,26.635,25.22,21.118,21.722,22.173,24.419,29.741,28.597,27.345,23.137,1.2832
29.337,20.633,29.789,27.703,25.617,27.147,28.036,20.472,26.061,28.414,23.636,26.549,22.002,21.605,23.079,27.02,1.3003
22.034,23.303,20.346,29.815,24.529,21.868,24.135,29.106,28.404,20.369,23.255,25.87,26.492,21.696,29.888,22.916,1.2978
20.221,29.645,20.058,22.389,21.687,25.196,22.461,26.635,29.855,25.661,27.689,22.264,26.326,22.859,22.649,28.786,1.3211
24.716,21.047,28.596,22.618,23.053,23.36,28.383,25.886,20.938,22.374,21.749,21.118,23.521,22.369,23.793,20.022,1.3174
20.624,29.447,25.441,21.774,20.517,20.058,26.093,21.016,28.036,27.371,25.485,27.961,23.918,20.813,22.49,20.895,1.3654
23.269,22.231,28.077,23.342,26.276,24.061,20.53,25.334,24.583,23.552,24.129,25.485,23.138,23.415,24.371,20.683,1.1975
23.585,23.172,26.262,28.506,29.14,24.464,28.01,29.242,26.136,23.15,27.806,26.277,26.461,27.571,24.873,27.103,1.1526
27.815,26.305,26.867,24.439,26.435,21.694,21.555,28.846,29.144,20.347,20.288,25.79,23.676,27.869,27.14,26.456,1.2835
22.203,27.349,25.555,21.711,29.904,26.256,28.797,21.489,22.719,23.827,25.333,27.548,28.05,25.597,21.374,27.289,1.2584
22.966,22.046,22.826,20.207,27.845,23.38,22.806,26.465,24.284,25.076,20.43,23.061,27.978,23.525,22.974,20.328,1.2666
24.492,22.809,25.092,23.556,28.394,25.517,24.843,22.831,23.131,25.136,21.539,29.435,25.472,29.094,21.159,23.047,1.2074
21.783,24.589,21.313,29.109,29.065,27.005,22.527,24.359,27.997,29.677,26.289,29.427,20.232,28.214,28.104,23.282,1.2615
26.141,28.883,23.847,21.889,25.382,20.94,22.509,24.085,22.148,20.013,21.88,24.298,23.865,28.867,20.481,21.722,1.3244
21.02,20.92,22.111,28.932,23.372,25.266,25.239,28.688,25.89,24.117,25.625,29.142,28.006,20.187,25.124,26.604,1.2102
23.478,21.001,23.365,22.745,28.599,22.553,22.026,20.526,26.449,23.924,23.975,25.084,29.872,27.48,21.755,23.25,1.2554
20.017,25.132,22.889,29.319,29.039,21.815,29.406,26.986,20.08,25.983,29.694,26.096,20.533,25.798,24.457,23.755,1.2612
25.916,27.426,26.606,24.131,22.69,22.347,26.244,28.086,24.237,23.184,28.979,23.861,24.863,28.368,23.004,25.854,1.2239
25.792,21.081,23.434,26.403,22.499,25.896,23.634,22.051,23.819,21.259,24.741,21.294,22.141,22.055,24.268,20.874,1.3101
21.358,20.418,24.808,27.949,27.05,28.237,26.346,29.256,23.22,20.625,26.791,24.522,22.53,27.387,28.807,29.581,1.2868
23.53,25.31,28.673,20.418,20.076,21.631,20.05,23.056,21.399,22.68,20.244,27.936,25.135,28.93,25.201,20.4,1.3736
26.704,20.395,25.472,21.115,26.234,25.17,27.832,24.209,24.868,25.817,27.91,26.867,28.165,23.255,22.277,22.345,1.2362
20.325,22.571,23.557,23.802,23.262,26.13,24.241,24.28,21.054,23.099,22.568,29.707,28.371,21.192,23.608,20.375,1.2738
28.699,20.452,21.964,22.972,22.596,21.439,21.618,28.956,24.398,29.867,27.999,22.189,28.462,29.178,26.409,26.382,1.2848
24.659,27.831,22.354,20.471,26.564,27.249,22.729,21.211,27.465,27.346,21.252,25.62,25.323,25.666,21.027,29.034,1.2856
25.012,29.869,24.202,23.235,22.767,26.004,28.216,23.336,25.716,25.422,25.126,24.909,29.292,23.05,25.548,29.383,1.1798
29.535,27.633,27.57,29.532,22.157,28.353,27.801,27.74,24.478,23.226,27.854,28.098,26.809,20.437,27.097,25.762,1.248
23.89,28.126,22.322,29.747,29.337,24.845,23.108,25.548,28.706,20.169,25.889,29.634,23.795,28.85,26.243,22.85,1.2539
25.964,29.705,27.218,27.904,21.748,25.692,24.964,22.463,22.75,28.595,22.242,22.098,25.891,23.294,26.623,24.095,1.2765
28.983,22.18,20.987,29.953,24.209,20.083,21.044,20.177,29.679,21.904,27.243,21.246,28.662,25.441,20.981,25.045,1.3748
24.929,29.764,27.862,27.4,22.04,22.032,20.91,27.47,25.053,27.016,24.221,29.583,23.379,28.056,20.815,29.706,1.3084
27.557,20.211,20.028,24.846,23.912,28.416,21.402,24.717,22.702,26.855,22.329,21.84,23.473,20.264,27.239,22.16,1.3504
28.058,25.632,24.164,24.148,23.229,27.5,28.517,22.53,23.201,23.357,25.493,27.527,29.261,24.636,23.955,23.426,1.1786
24.578,24.479,26.795,24.049,23.412,21.523,23.053,20.302,27.965,25.108,20.792,23.309,29.493,24.639,24.079,23.168,1.2201
21.592,21.633,25.245,21.696,22.331,24.375,23.151,27.07,23.738,24.648,21.179,26.245,29.702,26.656,21.795,29.856,1.2402
23.175,29.102,25.635,21.659,29,22.501,25.217,20.593,20.69,27.643,25.01,26.624,20.368,23.338,24.7,29.536,1.2847
21.155,23.567,22.603,24.818,24.445,27.294,29.173,29.145,25.339,22.334,29.42,29.85,21.719,24.59,23.934,29.207,1.2155
23.224,27.361,22.531,20.476,21.18,24.987,26.658,28.622,23.264,22.519,20.155,23.228,20.47,22.28,28.072,27.405,1.3339
26.242,26.564,20.275,28.847,28.623,29.681,28.72,28.004,25.822,22.552,24.074,24.875,27.08,21.992,24.056,28.35,1.2435
26.643,23.106,28.16,26.198,25.463,20.388,29.735,23.075,25.221,25.328,26.932,27.589,27.182,28.261,24.011,23.838,1.1787
26.354,26.706,20.626,20.676,21.644,24.198,21.17,20.559,27.779,26.022,25.688,21.204,27.104,26.569,26.107,24.803,1.299
25.499,29.616,24.233,20.017,25.445,27.198,27.168,27.301,25.693,20.26,24.383,27.438,20.391,26.964,29.586,29.344,1.2382
22.741,22.778,20.661,29.375,29.457,25.74,25.936,22.338,21.449,20.745,23.521,28.684,21.829,21.509,27.558,24.148,1.3247
25.08,24.122,28.858,29.152,29.107,23.523,29.691,27.219,23.173,23.765,20.194,20.935,26.892,29.43,25.348,21.609,1.2792
26.753,25.927,23.337,23.893,25.174,21.249,23.426,24.411,26.345,26.595,25.188,29.38,26.566,23.152,20.012,29.996,1.2064
25.365,28.356,20.21,26.905,27.464,24.298,20.11,21.52,28.264,25.274,20.929,24.58,24.634,29.79,25.31,22.107,1.2802
24.551,22.455,28.073,23.122,21.465,23.271,24.877,22.956,24.116,28.986,28.238,20.622,23.072,27.775,26,28.39,1.2393
28.193,20.31,28.895,25.995,26.443,24.494,20.568,23.242,23.659,28.941,29.858,25.259,22.459,21.717,29.63,27.563,1.2832
25.072,29.559,27.506,28.242,20.954,28.567,23.866,21.103,20.235,25.573,25.457,24.249,20.491,28.445,20.968,28.557,1.3128
20.544,26.513,28.369,25.411,29.425,21.927,22.278,20.944,29.751,28.919,26.074,21.928,28.851,26.793,23.666,21.681,1.3347
29.706,23.883,29.018,22.82,24.045,22.733,25.136,28.58,25.769,26.827,25.074,25.816,25.666,29.063,20.71,22.582,1.1916
20.363,22.912,29.274,27.347,21.997,23.014,23.917,27.547,22.58,26.149,29.025,27.173,26.121,28.79,22.956,29.828,1.2549
29.916,22.097,29.778,27.553,23.527,24.862,25.371,25.636,26.794,26.263,29.466,24.673,20.675,27.739,21.996,23.218,1.2188
27.716,28.585,29.123,25.963,25.728,20.488,23.548,21.422,26.777,24.092,26.967,25.767,21.987,21.34,22.383,23.639,1.2747
22.812,20.033,23.087,29.264,24.88,27.426,22.351,20.888,20.363,28.295,29.284,20.004,21.595,23.906,29.724,27.769,1.3409
25.325,27.748,24.531,22.265,25.54,26.835,23.458,20.346,29.551,24.292,20.744,29.724,23.365,21.225,27.707,27.699,1.2801
22.925,23.848,26.955,29.634,26.551,24.267,21.657,25.695,26.253,22.717,28.105,28.183,28.975,23.757,24.249,28.072,1.2009
26.424,27.144,25.981,24.399,27.516,28.506,22.13,28.014,27.82,28.463,28.283,25.943,24.319,25.073,26.4,21.797,1.2073
25.757,20.252,26.133,25.221,20.72,27.036,21.137,22.084,28.484,27.051,23.866,22.813,27.814,23.915,25.146,28.649,1.2831
22.321,23.656,23.182,26.665,20.616,28.028,23.34,27.497,28.383,26.243,21.167,20.72,21.248,25.844,27.113,25.068,1.2566
28.419,20.856,29.695,28.23,25.214,28.814,28.876,29.562,25.999,23.689,27.169,22.922,21.642,24.038,23.265,27.613,1.2699
29.891,24.338,21.503,26.355,28.521,20.742,29.092,27.787,23.439,22.152,26.854,20.351,28.684,22.624,22.521,20.805,1.3514
23.69,22.951,27.243,20.07,27.544,20.374,22.885,27.835,22.792,27.963,27.151,28.115,27.829,26.528,24.667,27.218,1.2383
22.51,24.983,28.574,29.448,29.534,20.118,28.302,21.943,21.036,26.284,24.837,21.512,23.621,23.236,20.376,28.598,1.3307
21.115,21.688,23.003,27.08,23.903,29.053,25.444,29.073,21.349,27.216,22.498,29.281,29.357,24.816,25.777,27.59,1.2311
28.572,29.252,23.886,21.42,28.447,26.393,27.111,29.209,29.38,22.888,23.248,21.377,25.615,20.516,21.31,25.258,1.3228
23.871,28.937,21.61,26.809,24.901,20.51,25.686,23.578,25.447,22.591,24.672,25.971,24.395,26.884,23.76,29.43,1.1998
20.658,26.118,20.409,28.4,20.941,29.525,29.618,24.148,25.492,24.168,26.468,24.353,24.642,22.778,23.334,25.737,1.248
21.513,21.413,27.394,24.496,24.789,22.128,21.489,23.198,28.279,27.829,22.192,20.522,29.384,21.146,24.226,26.24,1.32
22.466,22.532,26.004,26.28,23.205,21.125,24.465,25.569,28.126,26.152,29.099,27.119,27.269,24.303,29.282,28.835,1.1714
29.974,22.765,24.612,22.697,22.363,25.024,23.189,24.756,23.948,29.645,28.044,26.686,21.844,27.683,21.089,22.199,1.2327
26.741,29.961,27.854,21.924,24.727,26.694,22.863,29.378,23.525,26.654,24.169,25.134,26.861,28.155,27.626,22.514,1.2401
27.178,25.666,26.711,26.099,25.496,20.847,21.687,25.807,27.66,28.626,21.27,28.473,29.189,22.425,22.25,29.057,1.2914
29.747,21.646,23.728,23.714,21.365,29.243,28.824,22.51,22.637,28.228,25.144,20.061,27.058,29.212,24.605,25.293,1.2716
23.107,25.604,28.118,28.292,24.39,28.836,27.555,21.142,29.102,24.067,23.58,29.102,21.417,26.842,29.548,28.161,1.2508
22.847,27.525,28.438,26.758,25.556,22.44,23.222,22.123,20.286,20.85,26.9,29.763,23.977,29.182,20.64,24.447,1.3105
28.762,27.315,26.519,22.424,28.255,29.874,23.39,28.54,20.801,21.671,24.31,22.632,25.932,22.132,23.53,25.35,1.2932
27.687,22.326,24.089,22.633,26.213,27.084,23.29,25.863,24.968,25.877,28.66,26.001,23.553,25.413,21.496,23.911,1.1842
28.232,27.718,24.841,21.966,28.578,29.46,23.519,20.981,22.669,22.475,22.022,20.814,22.575,20.35,28.691,26.292,1.3696
23.039,20.613,24.76,27.009,24.35,24.73,26.953,28.215,28.64,20.456,22.129,28.242,24.504,23.879,26.134,22.273,1.2333
24.782,23.057,22.694,23.762,27.067,27.784,21.099,21.91,24.779,21.018,24.626,26.442,26.519,20.582,23.096,25.514,1.2224
27.005,23.365,26.754,24.656,28.013,21.966,27.872,26.681,26.649,24.577,20.777,20.674,22.366,25.625,23.853,27.837,1.2374
26.5,26.918,29.661,21.829,28.111,29.985,28.085,22.237,23.72,23.078,24.785,28.4,22.073,22.696,26.276,25.948,1.2849
21.447,22.13,22.027,25.247,29.792,23.574,28.47,28.057,28.089,29.186,25.212,27.501,24.348,26.557,25.216,21.364,1.2186
27.346,28.549,27.95,21.327,20.237,22.332,28.547,20.796,21.73,21.759,29.12,24.93,28.71,24.409,25.24,27.535,1.3227
21.559,20.681,21.278,27.193,23.655,26.283,28.681,24.768,29.913,29.47,28.354,24.855,22.785,25.499,28.851,28.126,1.2378
27.07,28.097,27.3,20.632,29.596,28.746,24.306,24.811,26.311,21.277,21.974,26.99,27.325,26.324,27.9,21.267,1.2697
26.158,25.05,29.354,25.098,27.381,28,29.673,29.82,25.25,28.023,26.202,26.707,29.03,22.754,21.393,28.179,1.2044
24.805,20.968,23.766,26.835,26.126,21.262,27.926,25.803,25.151,25.26,24.14,25.698,28.583,24.078,20.296,21.156,1.23
21.391,20.895,23.388,20.123,26.388,25.564,25.528,21.735,29.877,23.216,21.942,23.167,20.765,21.053,24.311,24.67,1.3346
26.568,25.4,25.524,25.131,23.959,21.22,27.505,20.199,22.348,23.308,23.9,20.877,25.997,20.751,20.381,28.87,1.3151
28.166,24.254,20.755,25.503,27.217,25.764,29.337,26.318,24.609,29.771,28.794,21.91,24.46,22.265,27.512,24.866,1.2283
20.053,26.193,21.165,25.31,28.875,27.342,24.005,29.303,20.631,24.53,24.706,23.047,29.238,22.463,25.955,20.159,1.3079
26.013,23.262,27.066,23.98,24.004,28.629,26.27,28.507,26.682,29.372,29.576,22.284,26.673,24.857,20.692,24.247,1.176
26.8,21.319,27.715,28.592,20.355,27.621,27.606,27.225,29.003,24.913,29.986,29.322,29.907,27.589,24.765,22.382,1.2543
28.533,23.014,26.053,21.071,23.839,22.194,25.855,21.858,20.769,23.956,28.462,24.567,25.283,29.261,27.736,23.001,1.2486
26.971,25.037,29.84,20.257,22.178,27.378,26.493,24.028,25.112,27.479,26.035,22.978,27.637,27.623,28.98,24.793,1.2114
20.598,22.342,28.713,22.582,20.868,24.566,24.794,26.467,21.626,23.801,22.957,23.697,23.429,23.834,25.693,20.103,1.2633
28.321,24.143,29.434,22.28,23.501,22.419,26.798,27.698,25.861,24.138,21.226,24.016,20.662,29.564,23.165,24.347,1.2306
25.716,25.218,29.953,28.352,26.873,21.334,28.25,21.548,25.2,25.845,27.939,26.202,21.313,24.343,22.405,21.202,1.276
29.63,26.602,22.8,26.604,22.917,27.591,27.533,28.865,27.076,26.901,27.77,27.034,24.948,22.084,26.723,28.418,1.2026
28.086,20.845,27.612,20.184,21.118,25.385,28.392,28.16,21.303,23.469,28.945,20.186,25.071,23.19,20.234,20.758,1.392
24.758,24.802,25.755,23.263,29.985,29.575,22.175,26.057,26.103,28.742,25.272,22.592,22.851,28.69,20.865,27.26,1.2446
23.132,28.755,25.895,20.842,29.689,28.275,20.66,24.125,23.367,21.703,27.552,25.579,23.246,27.971,29.71,21.849,1.3063
29.439,21.338,26.077,29.88,26.486,22.846,22.758,22.05,24.843,27.23,22.759,25.363,25.348,22.72,22.034,21.968,1.3001
21.737,26.338,26.355,29.764,21.827,26.773,29.879,24.956,23.68,28.181,26.768,25.333,23.646,24.54,21.576,29.002,1.2481
22.105,20.021,26.902,24.366,27.862,26.217,26.77,24.501,22.056,29.512,20.007,29.501,23.897,21.742,22.202,26.417,1.3006
22.956,24.936,25.393,25.957,26.815,22.478,24.215,22.978,28.337,21.104,28.681,22.677,28.898,29.319,29.073,28.903,1.2586
24.861,27.467,24.304,21.749,22.237,26.107,22.099,26.401,21.88,24.403,25.662,23.587,28.558,28.467,29.419,24.131,1.2314
21.929,26.365,29.089,20.325,22.654,26.451,24.046,24.293,29.502,27.891,28.613,22.579,25.685,21.386,29.907,26.099,1.2575
27.512,21.575,26.174,27.297,26.367,23.768,21.248,27.057,22.417,27.697,21.454,26.785,25.993,25.185,23.489,26.918,1.2356
25.185,27.402,23.309,26.217,21.976,23.328,24.643,21.877,25.576,24.573,22.401,25.231,20.167,20.955,25.602,29.217,1.2599
21.814,26.087,22.972,26.922,20.039,22.069,25.151,22.661,29.822,26.413,22.742,22.875,29.674,23.979,24.141,21.666,1.3071
25.139,28.916,26.724,23.741,28.484,29.013,21.707,21.768,24.513,29.7,29.811,20.395,25.383,25.267,26.297,29.09,1.2332
22.577,28.577,21.772,28.133,26.779,28.733,21.435,25.948,21.818,28.151,25.843,21.987,29.789,20.767,28.764,26.072,1.2952
29.103,28.477,24.545,28.37,24.317,22.835,28.447,22.792,29.028,24.228,28.221,28.509,20.114,27.108,20.557,20.435,1.3126
28.284,26.166,25.712,26.517,21.858,21.294,21.283,22.19,20.383,23.864,25.789,22.368,23.118,21.978,23.573,28.023,1.3364
25,25,25,25,25,25,25,25,25,25,25,25,25,25,25,25,1.0427
30,30,30,30,30,30,30,30,30,30,30,30,30,30,30,30,1.2518
