x1,x2,x3,x4,x5,x6,x7,x8,x9,x10,x11,x12,x13,x14,x15,x16,y
20,20,20,20,20,20,20,20,20,20,20,20,20,20,20,20,1.6518
20.618,22.584,24.775,22.315,29.487,24.042,27.03,22.342,20.124,23.759,24.356,27.535,27.706,28.627,27.241,20.878,1.2538
27.892,25.969,23.784,26.717,25.114,27.647,28.991,20.253,25.771,28.397,24.027,23.271,20.743,27.336,27.741,29.12,1.2493
27.213,23.885,24.873,28.049,21.527,24.833,21.363,20.032,25.521,20.815,23.906,26.189,26.71,23.179,27.819,27.236,1.2545
24,24,24,24,24,24,24,24,24,24,24,24,24,24,24,24,1.0381
27.088,24.422,29.301,29.241,24.067,25.506,26.076,23.463,21.92,20.374,25.916,28.774,20.482,21.77,26.076,27.526,1.2773
22.018,21.915,24.233,21.065,27.622,20.089,22.324,27.98,22.416,20.934,21.66,26.986,22.294,27.734,24.394,20.689,1.3667
22.323,26.087,26.73,26.385,27.298,23.989,28.558,20.112,23.218,26.398,25.351,25.703,28.917,26.536,27.197,21.542,1.2178
22.167,24.384,27.976,24.884,21.366,23.675,22.906,26.069,26.577,24.814,22.511,28.984,28.378,25.118,23.746,22.372,1.2131
27.273,27.538,27.306,24.07,24.473,28.985,20.608,24.641,28.002,27.639,28.363,21.53,24.373,23.266,27.665,20.773,1.2642
22.881,20.937,27.732,24.689,26.143,25.113,27.397,23.229,28.696,29.166,27.357,27.977,29.602,25.755,21.202,22.28,1.2419
27.584,23.896,23.392,26.839,22.913,21.933,22.673,27.826,28.962,25.23,23.194,27.787,25.522,21.965,21.461,25.006,1.2557
25.722,24.083,26.544,21.182,28.706,27.848,27.678,29.906,28.914,26.467,22.769,22.052,29.795,23.338,28.147,27.641,1.2633
24.905,22.635,28.16,20.897,20.249,21.712,29.568,28.322,25.67,22.597,27.63,27.448,21.884,22.096,29.197,22.81,1.3331
28.42,28.958,20.827,28.731,22.967,27.736,20.129,23.053,28.628,25.341,21.039,29.965,20.868,29.856,28.759,23.36,1.3356
25.364,29.367,25.919,21.12,20.753,25.999,21.903,23.351,28.832,24.759,26.477,20.941,27.716,20.561,26.397,29.971,1.3026
21.873,29.142,20.882,27.983,27.931,27.634,28.712,28.772,27.106,23.368,26.687,24.965,24.664,29.575,27.91,24.628,1.2319
22.764,26.28,21.808,25.401,27.003,24.088,20.664,20.959,24.887,22.416,24.487,22.157,27.969,21.295,21.314,24.335,1.3036
26.8,20.093,26.422,26.924,22.545,23.148,26.307,29.714,29.919,23.929,25.089,20.513,25.982,20.89,26.268,22.629,1.2673
26.644,27.68,28.764,26.624,23.675,26.251,24.364,27.855,27.953,29.598,20.976,28.401,25.126,27.184,21.553,20.252,1.2509
26.959,29.967,26.343,20.688,24.572,22.114,23.881,26.487,26.947,20.963,20.297,27.367,25.216,20.956,23.907,24.066,1.267
20.927,28.314,23.519,24.777,20.691,25.439,29.072,27.247,26.067,22.472,25.75,28.68,23.927,21.58,29.928,22.897,1.2761
27.694,23.473,20.717,21.012,21.454,26.469,25.594,29.677,20.901,28.637,21.398,25.75,28.463,28.193,21.13,23.938,1.318
29.45,21.624,24.822,27.268,29.192,22.819,22.228,28.91,21.095,24.654,29.734,20.641,28.592,28.463,22.662,29.232,1.3264
24.765,28.585,29.016,22.086,28.922,22.373,23.802,29.369,24.473,25.03,25.555,24.046,20.313,28.987,27.578,23.065,1.2332
27.019,20.667,28.095,26.565,20.423,20.743,23.911,20.514,23.846,29.671,27.902,20.855,26.982,27.05,22.6,22.142,1.33
27.538,25.691,23.712,29.342,21.828,21.866,28.418,27.279,26.286,27.242,26.035,22.484,26.333,25.977,23.366,21.81,1.2484
26.55,25.652,28.86,27.918,29.896,27.168,27.117,28.451,27.27,23.475,20.376,22.305,27.953,23.508,26.89,25.692,1.2515
29.837,22.944,28.304,20.588,23.612,24.9,24.175,26.687,20.52,21.02,22.639,29.256,29.263,24.033,23.802,21.002,1.2919
20.98,21.566,27.19,22.813,26.827,29.798,26.849,25.628,22.814,27.858,26.868,24.891,23.053,26.188,28.811,28.69,1.2318
29.516,21.774,25.633,25.99,20.156,29.868,20.526,21.248,23.036,28.074,28.502,29.864,29.634,21.504,20.979,27.868,1.3578
27.821,25.087,22.642,22.57,22.212,23.099,22.518,21.19,22.905,28.766,23.767,22.417,20.182,23.924,22.299,22.59,1.2744
29.935,23.117,21.38,29.653,20.041,25.178,21.699,28.843,23.09,20.086,24.104,23.673,29.373,28.078,21.342,25.6,1.3155
24.053,24.185,25.331,23.178,24.372,29.983,20.101,20.714,22.558,28.935,29.15,26.341,23.771,25.626,25.115,20.345,1.2607
22.233,24.656,23.857,29.392,28.751,23.767,20.776,26.251,26.49,29.9,28.909,23.531,24.481,20.762,25.844,23.267,1.2321
23.997,21.089,25.523,28.397,21.669,20.273,21.04,23.377,23.395,26.513,22.583,26.299,21.609,20.36,28.259,22.03,1.3491
28.727,28.781,21.013,25.198,21.958,26.939,24.109,23.92,25.15,21.175,28.059,25.649,27.394,28.715,23.833,23.007,1.2293
29.163,21.154,22.957,28.091,26.925,28.214,22.406,27.701,29.813,23.71,28.756,25.237,20.984,28.596,20.299,27.159,1.3039
29.958,29.758,23.23,20.335,25.509,21.613,21.809,21.89,24.526,20.613,28.201,20.265,20.923,27.808,28.98,29.296,1.3827
25.417,24.97,28.976,23.282,28.632,23.715,23.335,20.876,27.873,24.396,21.51,28.062,23.091,25.529,21.953,22.509,1.2568
22.954,23.749,25.784,27.545,27.43,23.884,26.206,24.258,22.184,20.558,26.779,22.842,21.583,22.339,23.461,22.481,1.2594
22.496,29.018,21.264,29.6,23.225,21.482,27.794,23.798,23.736,29.767,22.309,24.595,29.202,21.43,29.388,21.654,1.3097
22.856,21.317,29.232,25.901,28.309,20.151,27.872,21.306,23.937,27.286,22.731,29.495,26.298,23.632,27.276,21.485,1.2985
20.343,21.262,22.736,23.079,23.297,23.008,25.484,29.947,24.355,27.702,20.656,20.12,20.81,29.308,26.948,25.145,1.274
27.48,21.856,22.11,26.947,27.254,24.704,22.439,22.438,21.156,20.73,21.212,23.591,21.479,24.544,24.446,23.776,1.3094
24.082,23.599,28.456,23.601,23.531,24.44,26.519,27.468,23.336,25.964,20.166,27.761,21.283,26.418,28.493,26.276,1.1931
20.11,21.428,22.174,22.975,22.327,21.803,23.082,26.414,26.686,21.961,28.598,26.47,28.94,24.759,25.44,26.97,1.2384
21.413,22.111,27.094,22.785,27.376,22.301,27.229,29.471,22.754,28.302,21.454,25.969,22.788,29.247,20.875,21.432,1.3481
23.428,21.519,29.057,24.18,27.857,27.367,29.365,26.941,29.483,25.576,22.113,28.952,24.981,20.199,29.431,29.759,1.2418
21.097,27.293,23.69,29.76,28.082,28.247,25.618,21.968,21.732,21.764,24.188,29.557,23.577,20.318,29.119,21.767,1.3449
21.809,25.796,24.105,24.595,25.608,20.509,21.092,26.783,21.68,24.85,25.275,27.12,23.877,26.249,29.785,21.342,1.2655
21.93,29.492,20.148,27.633,23.075,21.548,27.363,27.425,22.004,25.107,21.943,20.403,22.265,26.072,26.011,24.726,1.3299
24.788,21.026,29.44,27.154,22.861,20.688,24.48,20.696,22.48,29.306,21.579,29.701,20.516,26.008,24.669,27.648,1.3102
20.194,29.053,27.886,28.688,29.689,21.047,20.285,23.171,20.17,26.875,25.128,24.316,24.059,23.494,28.866,29.405,1.3032
26.335,28.433,28.49,23.846,25.32,29.683,26.787,25.461,28.587,28.153,26.128,23.96,25.049,21.379,25.899,29.699,1.1882
24.346,29.852,24.672,22.242,23.733,20.511,22.972,22.002,20.211,22.148,23.448,29.112,26.911,24.614,20.488,23.598,1.2927
22.67,20.216,26.149,22.429,29.117,25.019,26.958,23.724,26.161,25.839,26.977,28.89,27.601,29.674,28.356,28.382,1.1879
29.724,23.03,24.984,25.702,24.617,28.657,20.057,25.85,20.478,20.4,25.538,28.439,21.161,23.874,24.091,21.112,1.28
20.758,24.263,26.624,23.017,21.637,23.201,23.191,22.673,24.112,22.785,22.464,26.598,25.663,23.09,26.356,20.298,1.2725
25.624,24.842,28.557,28.491,25.225,28.872,25.233,20.791,22.672,23.277,23.152,22.713,29.042,22.903,23.083,23.651,1.2537
20.19,26.546,23.266,22.167,26.514,22.001,26.02,29.181,27.349,22.689,24.217,25.88,21.841,24.325,25.302,24.831,1.229
23.209,22.847,28.794,29.988,22.456,29.902,24.327,21.379,21.887,21.214,23.511,21.88,25.316,26.448,25.941,21.926,1.3003
21.175,29.304,29.597,23.982,24.44,28.086,29.817,24.401,27.195,28.838,24.004,25.155,26.187,23.414,24.748,26.363,1.2082
24.534,28.656,26.488,27.883,22.727,23.52,28.785,28.628,29.675,21.119,23.43,25.007,24.786,25.259,25.765,26.522,1.2129
21.494,27.593,29.634,23.413,26.051,26.098,22.606,27.71,24.32,22.017,21.729,27.322,27.063,21.658,27.451,28.854,1.2782
27.761,28.501,23.969,29.17,21.202,29.212,28.083,25.281,25.249,20.679,28.797,24.732,25.873,25.17,29.347,27.726,1.2174
26.156,21.373,26.664,20.798,24.184,25.939,27.615,21.562,25.193,26.699,22.239,21.694,20.667,27.599,20.384,21.206,1.3563
25.051,28.91,20.192,21.576,20.316,23.501,28.656,22.989,28.177,24.285,24.991,21.521,22.533,25.694,26.833,20.465,1.3158
26.203,26.585,21.489,28.408,26.724,25.687,26.674,24.888,27.473,25.069,26.301,23.415,22.07,20.478,25.057,24.165,1.2167
21.567,25.914,21.553,21.813,23.339,22.685,27.979,28.534,22.072,27.061,24.964,20.729,22.592,22.821,27.856,24.208,1.2742
20.662,27.915,21.889,23.658,23.918,28.326,26.466,29.149,25.921,29.544,27.578,23.921,27.196,24.391,20.9,26.083,1.2249
27.936,27.226,26.992,29.543,25.394,24.568,25.418,28.998,23.769,22.957,21.185,27.592,29.947,29.905,21.609,22.316,1.2846
26.378,26.825,25.461,21.906,29.071,28.949,27.51,24.035,24.795,27.511,20.585,25.322,24.921,26.837,25.241,26.566,1.1944
23.015,21.675,26.916,24.949,25.87,28.111,23.497,28.273,27.547,23.24,23.829,21.725,25.811,22.266,28.676,25.211,1.2334
23.172,24.725,29.777,24.087,26.784,20.381,24.559,25.908,29.692,28.239,26.515,20.59,29.427,29.219,24.968,26.66,1.1935
24.52,28.099,25.039,22.728,27.792,21.434,25.038,29.324,20.402,26.184,20.096,23.177,26.389,28.343,25.63,27.03,1.2514
20.388,25.588,22.43,29.089,25.196,26.831,26.304,22.065,26.825,26.664,29.311,26.878,23.176,29.75,25.555,28.476,1.2246
23.322,27.747,20.06,25.859,24.829,28.798,23.049,28.725,23.268,24.115,28.663,24.438,24.604,29.379,29.527,26.916,1.2323
24.613,20.564,29.915,25.744,21.292,23.931,24.956,24.093,27.416,20.237,24.72,27.035,29.715,26.698,22.52,23.986,1.2261
26.614,23.964,20.068,21.64,20.125,27.038,24.399,26.229,24.014,23.438,25.934,22.03,26.875,22.017,23.566,21.266,1.2804
22.08,22.406,21.954,25.568,21.58,25.874,20.759,27.123,24.999,22.634,29.218,20.488,25.734,24.459,21.261,23.545,1.2806
20.851,23.155,23.332,20.225,20.513,20.886,26.742,26.589,20.717,29.294,24.676,24.199,22.169,28.132,24.27,23.448,1.3025
28.369,22.221,24.061,28.164,23.034,29.302,23.587,20.383,21.359,23.51,27.424,27.694,21.437,22.992,22.26,23.701,1.2722
24.278,29.648,21.189,27.465,26.621,24.773,21.576,22.841,23.152,25.713,22.89,28.638,23.987,28.779,23.041,29.091,1.2623
27.43,20.612,28.681,23.323,29.679,23.281,26.906,24.196,27.055,27.402,20.504,20.769,26.109,23.717,24.83,21.277,1.2746
23.632,27.325,27.489,29.183,27.735,29.131,28.22,24.948,21.504,25.492,27.023,27.168,29.116,20.664,21.777,28.66,1.2456
25.221,20.715,27.359,22.897,26.31,20.608,29.525,29.569,28.123,27.575,20.88,21.801,28.64,23.05,25.482,20.93,1.3239
27.159,22.885,21.297,21.325,28.843,27.563,24.208,29.546,24.428,28.192,23.329,22.624,28.484,27.86,20.054,25.536,1.2735
25.117,23.369,27.234,20.836,29.339,29.598,29.12,26.732,25.822,20.001,22.418,26.552,27.352,22.671,22.904,23.823,1.2605
26.031,25.452,25.811,20.005,25.03,24.519,29.704,28.383,20.26,27.999,28.409,28.174,23.262,26.993,28.654,20.116,1.2634
28.498,25.165,20.664,26.312,25.071,25.597,28.381,20.168,25.655,28.53,24.576,24.567,26.487,28.258,24.147,26.125,1.19
28.627,26.374,21.429,21.714,24.315,21.002,23.256,21.668,20.683,21.293,29.942,24.467,21.143,22.382,29.58,20.736,1.379
21.691,27.967,29.158,21.386,26.645,26.389,21.503,21.068,22.964,25.796,27.276,25.093,22.38,22.224,21.038,21.064,1.3606
23.881,29.724,25.977,26.559,22.028,27.258,28.195,20.602,27.611,25.887,25.63,28.79,28.176,24.809,24.029,23.398,1.1951
25.53,23.819,26.282,22.394,25.926,20.929,28.497,20.262,25.417,26.043,27.111,23,24.428,28.363,23.413,29.455,1.2223
29.394,25.306,23.157,21.746,23.179,22.098,21.318,25.326,21.553,24.025,29.478,26.899,26.036,25.448,24.609,29.616,1.2276
28.212,27.82,25.561,29.82,21.142,22.283,20.453,24.817,23.491,27.089,27.661,20.135,25.474,26.768,20.341,28.786,1.3078
28.139,26.18,24.434,26.453,29.577,27.786,21.187,28.105,28.485,21.424,29.26,28.332,24.261,25.923,22.06,27.962,1.2633
23.694,28.791,22.798,20.443,29.41,26.182,20.233,23.848,21.07,27.8,29.611,21.185,26.162,21.208,24.466,28.807,1.3045
29.323,24.642,22.309,23.562,25.711,28.695,21.447,24.294,26.366,25.634,21.802,23.212,27.527,27.242,28.446,22.184,1.2409
22.135,22.695,29.827,21.941,25.444,23.353,23.952,24.374,20.82,26.068,23.018,20.338,21.268,25.567,28.59,21.898,1.284
29.78,20.807,28.602,24.795,20.959,21.177,21.766,27.586,21.613,26.167,25.451,26.029,20.594,20.928,27.468,28.981,1.3637
25.546,27.154,22.884,25.081,26.445,27.9,29.447,24.572,24.708,22.502,26.337,29.791,25.398,21.867,28.192,25.368,1.1868
28.928,28.698,21.698,25.479,25.742,24.147,24.806,28.574,24.615,23.623,22.088,29.432,28.832,25.022,23.222,29.638,1.2341
20.567,26.807,25.213,28.801,23.873,27.113,25.895,27.387,21.458,25.455,25.719,20.058,20.332,20.625,22.022,29.34,1.3109
24.458,28.233,28.383,24.216,22.669,21.094,24.657,23.658,23.542,21.561,26.924,21.433,28.763,29.477,26.511,28.204,1.2464
26.091,27.079,23.057,23.696,28.246,24.644,29.275,25.674,20.06,24.004,22.861,29.418,20.107,20.765,20.166,25.058,1.287
26.436,23.23,26.049,27.39,22.381,22.585,26.395,22.733,29.411,26.583,29.824,29.178,25.601,26.146,22.951,26.491,1.2259
29.199,29.224,27.408,27.228,26.278,25.236,20.372,26.047,24.219,21.704,24.778,27.891,29.517,28.829,24.569,27.462,1.211
29.561,29.444,22.071,27.068,20.852,20.779,27.532,25.412,26.7,22.895,28.98,24.669,20.385,24.876,25.731,28.031,1.2846
21.603,28.049,24.34,28.933,21.233,26.328,28.854,21.777,28.414,23.842,21.107,28.265,24.761,28.503,20.243,29.038,1.3097
28.698,28.387,23.58,27.339,22.072,29.103,24.851,29.061,25.403,23.08,23.73,25.382,22.685,25.351,24.846,26.696,1.2242
21.276,25.254,24.269,20.545,20.592,28.458,20.981,26.54,28.051,22.82,26.622,26.658,29.087,20.045,28.084,26.428,1.3226
20.825,20.379,21.124,26.1,27.152,25.833,28.93,21.792,22.339,23.646,20.214,23.699,21.743,26.937,29.818,25.868,1.3269
27.326,23.403,20.382,25.337,28.013,24.386,29.322,23.975,25.339,29.722,28.149,23.806,21.684,23.979,21.49,24.099,1.2426
27.987,22.069,25.114,29.905,24.131,26.704,25.194,26.947,21.291,23.182,20.784,22.892,23.212,29.709,20.6,23.136,1.2986
23.442,20.884,27.664,21.451,24.239,22.975,22.084,23.554,22.143,27.17,27.484,29.679,27.094,23.792,20.652,28.284,1.2688
28.059,24.782,26.794,24.318,27.129,25.745,20.401,26.133,21.262,29.075,23.261,24.345,24.314,20.403,22.735,20.017,1.2869
28.995,25.367,24.143,21.986,23.439,25.38,20.828,25.768,23.586,27.919,24.635,23.345,27.261,21.824,26.188,24.545,1.2126
26.263,23.275,24.645,24.466,26.403,24.322,27.288,22.586,20.587,28.538,26.393,21.619,24.888,29.137,23.978,25.756,1.1887
22.579,27.4,26.103,24.998,28.557,22.5,22.759,28.077,29.093,22.172,20.034,21.334,24.161,20.132,21.906,29.876,1.3496
26.708,21.019,21.63,28.338,28.518,20.429,25.013,23.294,25.074,20.838,20.413,21.925,29.892,26.688,27.127,27.388,1.3177
28.893,22.754,24.467,25.975,24.678,21.254,24.748,25.591,21.009,26.762,23.119,26.066,26.684,27.694,29.726,28.465,1.2079
20.451,24.506,21.721,25.15,28.881,24.928,25.762,27.159,23.638,26.946,29.398,26.699,29.361,24.433,20.764,22.082,1.2307
29.664,27.03,23.902,24.434,25.56,29.277,23.655,21.091,29.21,24.486,28.308,29.904,21.075,21.123,21.793,29.838,1.3063
24.841,27.846,29.945,25.453,22.28,27.309,20.919,29.839,22.721,24.569,27.163,23.089,26.512,25.336,20.558,20.566,1.314
21.746,21.813,20.568,27.095,23.787,26.13,27.917,24.991,23.952,24.179,21.872,29.312,28.032,28.889,26.657,24.863,1.2099
21.271,26.978,24.534,24.381,28.122,23.378,29.894,21.598,24.171,28.905,26.053,27.247,22.811,22.728,29.678,22.736,1.258
25.971,20.129,25.254,23.244,20.378,21.333,21.939,20.454,25.956,29.809,24.862,25.82,23.413,23.196,22.387,20.39,1.3394
25.253,24.533,26.861,26.281,29.972,27.505,24.04,22.357,26.919,21.5,22.989,22.186,23.734,25.082,25.383,25.465,1.2281
24.691,25.119,22.038,28.564,21.91,29.424,26.119,24.703,29.335,29.984,22.029,26.124,28.229,27.269,22.752,22.993,1.2404
25.014,25.792,25.386,23.913,22.568,28.398,25.357,22.138,26.011,22.098,20.907,23.442,23.325,29.065,20.116,24.464,1.2676
21.022,26.127,22.379,21.506,24.933,23.611,23.697,22.19,21.809,25.386,23.64,22.546,21.921,22.452,22.857,28.111,1.2846
28.246,20.48,29.297,20.463,24.878,22.802,25.345,28.188,26.814,28.44,28.27,20.221,23.679,22.75,27.967,28.535,1.3076
22.443,26.319,28.269,23.809,24.75,29.547,28.325,22.487,29.553,21.807,27.831,27.91,22.969,28.973,28.296,24.421,1.239
26.841,20.31,27.822,27.79,23.454,26.616,25.982,26.873,28.239,28.718,20.551,24.121,22.448,24.224,23.277,21.712,1.2647
24.227,22.328,28.079,20.165,21.72,26.529,24.648,24.483,22.286,24.919,25.3,21.364,23.508,24.112,23.667,25.275,1.2174
28.583,20.029,23.487,27.685,20.765,27.448,25.844,28.969,27.784,22.241,29.88,25.432,27.898,24.913,26.49,25.8,1.2266
22.731,23.563,29.375,20.077,27.514,29.445,22.034,20.899,27.237,29.006,27.841,28.484,24.527,21.267,22.441,24.703,1.298
23.267,26.738,26.208,28.253,26.109,26.756,23.393,25.491,26.541,21.369,22.175,27.473,25.682,21.034,29.283,25.3,1.2352
20.012,24.282,24.934,25.274,29.286,27.974,26.575,22.793,20.333,29.174,25.183,25.526,20.013,27.555,29.983,27.131,1.257
25.839,22.465,21.051,21.217,29.805,22.166,22.826,22.88,22.523,24.637,27.732,26.412,25.255,27.927,27.363,20.157,1.2625
28.337,24.952,22.279,20.731,29.539,22.653,23.51,29.808,20.872,26.913,29.496,23.837,29.833,22.551,24.21,23.192,1.2902
23.761,26.941,29.526,23.48,28.388,28.758,25.729,27.923,29.274,24.341,28.631,21.027,21.401,29.551,27.014,27.962,1.2367
23.53,23.683,27.518,29.723,21.061,21.36,23.159,27.558,29.608,25.175,21.305,21.224,27.477,27.441,20.818,24.943,1.2945
23.571,26.683,20.928,26.798,27.018,25.309,29.218,25.173,29.943,24.218,27.964,22.579,20.245,25.86,22.186,22.764,1.2607
29.239,26.008,27.048,28.989,26.218,25.642,29.793,27.029,26.371,21.597,24.32,25.223,26.608,27.088,23.569,24.286,1.1788
23.889,29.278,23.068,28.872,20.474,25.075,29.681,22.248,28.746,20.466,29.091,24.253,22.017,26.36,25.216,28.27,1.2797
25.786,26.446,25.677,25.667,22.755,24.205,21.262,25.04,24.92,29.433,20.76,22.978,27.273,24.14,24.978,25.945,1.2032
29.087,29.559,27.623,27.771,28.188,29.642,21.626,29.277,28.282,21.886,25.829,29.108,24.108,27.467,26.78,26.012,1.2458
25.866,24.066,22.551,24.563,20.935,28.534,22.108,23.629,25.578,29.405,29.634,28.12,28.707,22.132,27.627,26.187,1.2268
22.381,20.407,20.624,29.481,29.812,22.459,27.759,23.107,29.17,26.28,21.599,21.12,26.813,27.974,23.154,20.622,1.3428
20.3,28.154,29.722,26.231,28.994,26.655,28.852,25.126,24.766,20.152,26.737,20.982,28.316,21.63,26.717,27.293,1.2771
21.378,22.241,22.816,22.158,23.993,26.99,22.239,26.307,29.017,26.317,29.796,26.783,22.65,23.569,22.111,26.77,1.2381
25.323,27.471,20.4,20.264,22.132,20.044,28.104,21.452,26.241,20.286,26.236,22.761,22.147,24.704,21.688,27.792,1.3926
24.146,22.506,27.952,28.641,27.525,20.222,22.689,21.474,29.772,22.994,29.006,24.815,23.444,22.538,29.101,25.639,1.2956
26.903,25.498,20.318,22.487,25.853,22.914,25.125,20.351,27.656,27.352,23.61,25.605,22.9,26.587,29.005,29.548,1.2645
23.088,22.03,22.486,22.651,28.41,21.722,29.94,24.763,27.763,27.757,24.414,22.262,28.089,29.999,26.586,26.817,1.2194
25,25,25,25,25,25,25,25,25,25,25,25,25,25,25,25,1.0427
30,30,30,30,30,30,30,30,30,30,30,30,30,30,30,30,1.2518
29.596,25.674,21.131,27.89,20.971,22.411,21.821,23.713,20.556,20.079,21.816,20.484,22.804,29.332,22.224,25.896,1.3944
28.62,25.626,27.466,23.777,25.596,25.672,21.956,25.072,20.769,24.989,27.237,27.36,28.137,23.217,22.314,22.271,1.2408
20.209,26.788,29.7,22.959,28.21,26.026,29.161,20.808,21.705,27.242,28.646,24.194,20.27,21.836,22.847,25.496,1.3183
24.57,20.986,28.274,20.94,20.779,22.826,22.748,21.353,23.041,27.049,29.853,26.058,23.703,26.223,20.298,22.105,1.3153
24.345,26.921,20.739,25.95,26.664,24.791,26.139,28.806,22.402,28.434,22.66,27.038,22.033,22.806,26.601,23.121,1.2614
29.336,26.284,22.913,26.38,26.551,25.615,22.97,27.096,23.194,22.821,27.756,26.356,20.918,22.734,23.449,22.445,1.2689
21.939,28.571,24.539,25.741,29.25,25.21,29.62,26.056,22.976,23.874,28.422,29.319,24.357,28.715,28.92,20.205,1.2529
23.091,22.817,24.72,23.356,29.019,26.582,22.312,20.425,27.656,28.208,25.492,25.369,28.07,24.318,27.213,22.91,1.1916
29.881,20.845,28.646,29.577,21.855,22.102,20.802,29.333,20.836,24.456,23.864,28.652,27.832,23.854,22.679,22.862,1.317
22.119,20.85,22.51,28.09,22.163,22.315,26.714,20.502,20.593,21.31,21.946,24.017,29.248,27.962,28.869,28.919,1.3355
29.342,28.62,27.051,22.561,24.069,26.193,24.166,24.237,21.393,20.653,28.889,24.194,25.767,24.973,25.881,28.955,1.2075
25.829,20.351,22.928,24.198,25.596,28.82,23.274,23.404,29.42,26.106,24.584,22.659,22.083,20.406,23.914,27.959,1.2579
27.046,29.237,23.419,29.512,20.275,25.801,27.545,29.956,25.437,28.137,29.354,25.479,27.182,20.575,29.745,29.149,1.2366
26.897,26.534,24.64,25.609,28.037,25.37,28.589,24.286,22.694,26.421,20.468,24.785,29.913,29.523,21.499,26.155,1.2308
21.288,25.467,22.732,22.739,29.425,28.497,23.421,21.744,28.183,29.861,21.673,25.377,25.198,27.551,29.76,26.914,1.2544
21.254,24.428,28.359,27.719,26.503,26.78,29.599,23.085,23.643,25.464,23.745,22.735,22.168,29.442,21.837,29.858,1.2948
21.398,28.963,20.069,27.282,24.277,22.073,27.378,23.912,26.69,28.399,23.769,26.634,21.034,24.005,25.823,21.952,1.2839
27.889,22.839,22.929,26.085,29.654,23.537,20.031,27.515,22.258,21.295,25.065,28.458,25.137,25.128,25.155,26.744,1.2186
28.196,21.26,25.092,26.478,25.963,27.961,26.459,20.068,20.71,20.49,25.988,26.028,21.056,25.089,29.001,25.127,1.2734
27.15,29.133,20.56,26.095,20.573,21.638,28.859,20.075,27.603,20.917,29.255,23.876,28.079,26.299,24.097,24.814,1.3208
28.202,28.644,22.217,22.143,21.314,22.158,28.706,23.358,25.336,29.5,23.021,23.814,28.527,27.623,28.64,22.154,1.2928
24.794,27.159,20.351,21.361,22.244,28.349,28.151,29.042,29.891,24.034,20.351,24.921,20.511,20.083,29.196,28.932,1.3208
21.901,29.015,20.984,29.51,20.865,23.974,26.147,29.97,29.288,27.863,29.134,25.758,28.264,20.719,21.294,22.766,1.3036
22.338,24.932,25.628,29.236,27.991,25.474,29.734,20.208,25.646,28.729,24.956,29.965,24.609,27.353,28.988,23.533,1.212
27.253,20.25,21.655,25.35,26.789,25.086,25.129,27.899,26.024,20.685,22.193,20.771,27.154,26.299,21.863,28.538,1.2816
23.799,21.886,20.812,29.242,24.497,20.893,29.109,27.8,27.07,29.77,28.862,29.286,24.774,27.579,25.144,29.031,1.2389
26.584,21.531,26.336,21.015,29.406,21.441,28.586,24.728,25.007,23.037,26.465,26.686,20.541,25.806,24.88,22.817,1.2664
27.816,22.25,24.127,20.71,23.873,29.255,28.151,25.383,27.166,22.849,26.082,23.433,29.277,26.49,25.959,20.873,1.2484
25.227,27.739,24.306,22.262,25.884,25.746,23.273,28.372,29.019,26.717,28.435,23.977,25.751,26.192,25.124,27.996,1.178
28.671,26.338,27.384,28.82,24.899,28.754,29.731,25.772,21.552,23.701,26.524,29.888,25.842,25.742,20.469,22.206,1.2542
26.118,29.135,26.637,27.282,24.875,21.388,26.911,20.685,26.446,21.939,20.3,24.889,24.724,21.35,20.685,25.785,1.3098
21.46,26.254,22.539,28.691,25.113,25.279,23.131,27.24,26.482,21.729,23.311,20.995,25.665,24.665,29.859,20.399,1.2846
26.354,24.679,27.413,26.33,21.687,21.062,27.476,20.172,26.631,25.404,23.892,22.168,26.151,23.996,25.728,23.303,1.2396
25.549,25.869,22.496,21.235,28.81,28.713,24.829,22.485,25.906,26.704,29.752,27.994,22.568,26.807,20.7,26.331,1.2554
28.005,20.946,22.26,29.278,29.649,20.999,20.059,21.535,22.605,27.125,28.895,29.528,29.294,25.562,24.74,21.833,1.3283
22.795,24.316,24.389,21.498,26.079,22.042,22.195,29.416,21.302,23.425,21.496,20.383,27.28,22.938,28.898,29.646,1.3182
26.453,22.132,25.611,25.193,22.97,22.664,22.368,29.622,21.066,23.065,26.423,25.432,25.385,29.231,20.998,23.072,1.2426
23.104,29.294,21.908,29.907,23.624,24.582,26.768,23.148,22.116,25.969,23.276,26.137,21.98,28.272,21.141,23.356,1.277
29.115,29.668,29.778,22.946,23.026,20.923,24.731,22.435,23.738,22.502,22.895,22.796,22.411,23.928,26.199,22.734,1.299
28.287,20.506,29.806,26.986,28.386,27.144,26.888,29.088,25.807,29.948,28.354,29.974,26.098,29.698,22.8,29.876,1.2364
28.022,25.008,24.318,25.281,23.862,25.498,28.39,21.845,28.155,22.089,26.618,29.335,21.362,29.624,27.969,27.25,1.2177
23.999,20.879,21.908,21.066,24.188,22.295,20.348,29.817,23.963,28.856,20.161,25.839,21.068,29.222,25.199,29.575,1.3028
20.235,24.961,26.897,25.234,26.315,27.901,20.035,26.165,28.795,25.956,24.918,22.996,24.177,24.721,21.448,20.942,1.2706
24.812,28.273,26.267,27.06,29.472,25.72,28.254,21.207,27.961,29.214,29.523,22.828,23.877,26.433,20.186,28.73,1.2678
29.944,24.077,26.815,26.776,24.961,27.234,28.613,26.535,23.852,23.747,23.278,28.547,23.872,28.318,28.146,28.046,1.2215
21.585,26.119,29.274,28.96,21.505,21.092,28.52,29.315,20.113,28.372,22.352,27.625,28.332,24.875,28.852,26.749,1.3139
29.484,25.427,27.094,29.716,24.358,23.72,20.876,29.034,24.963,22.073,21.364,25.531,22.1,22.919,28.459,21.126,1.3075
20.485,29.567,27.104,28.839,28.13,21.12,22.382,25.344,22.807,20.675,26.682,25.314,20.535,20.348,27.849,27.102,1.358
25.093,23.925,20.795,26.877,22.927,23.248,29.852,26.936,23.087,28.1,25.331,20.05,24.726,26.164,26.742,29.606,1.221
23.1,26.56,28.943,25.732,26.682,20.105,23.546,28.195,28.529,23.549,26.13,24.294,22.12,22.7,27.979,21.569,1.2813
22.216,21.075,22.269,26.468,21.196,20.305,26.389,27.475,27.396,28.024,23.301,29.317,22.925,24.796,25.956,22.749,1.2882
22.38,20.004,22.123,29.758,27.263,28.116,26.227,20.29,27.21,20.634,21.367,28.06,21.709,29.433,27.944,23.769,1.3154
20.431,21.755,28.631,26.795,22.854,28.968,22.025,29.318,28.116,26.403,21.894,28.781,29.951,25.365,29.085,24.353,1.2678
28.723,21.157,29.711,23.959,21.234,27.415,29.27,25.383,26.998,24.138,25.432,27.043,26.89,28.504,25.232,23.594,1.2034
24.241,29.396,27.264,27.697,27.034,28.789,25.151,27.335,23.742,23.363,27.007,26.28,21.875,23.145,23.742,27.501,1.2232
29.633,27.311,25.807,28.258,20.984,26.702,23.311,22.353,21.894,21.851,24.081,28.951,26.948,22.434,24.09,28.202,1.3012
27.369,26.004,28.268,28.944,22.821,21.966,25.928,26.343,22.9,28.308,29.219,24.807,28.596,24.025,24.928,26.768,1.228
26.107,28.46,27.154,20.661,24.227,29.554,23.659,24.814,26.316,24.43,26.138,29.443,23.652,20.425,21.136,27.005,1.2602
24.382,29.528,21.072,24.204,26.441,25.195,26.276,23.058,26.632,28.138,25.146,27.749,29.517,20.16,25.01,27.958,1.2102
24.478,27.596,29.083,28.585,21.911,24.638,26.135,21.892,25.375,21.046,21.548,29.58,21.347,21.052,20.571,20.696,1.3934
22.016,24.446,26.856,24.397,26.289,21.987,28.327,20.032,24.994,21.526,21.717,25.767,22.757,28.85,26.562,27.761,1.2818
26.535,24.367,27.616,22.9,25.96,21.988,28.604,28.142,28.22,20.693,27.433,26.78,20.329,27.005,28.217,29.17,1.2366
27.319,20.478,23.521,29.435,22.826,22.449,25.436,21.333,23.97,28.771,24.004,29.529,29.06,29.245,23.847,21.362,1.2626
24.638,21.162,28.51,21.383,25.789,24.72,21.229,23.005,25.623,25.786,28.358,21.611,29.625,27.283,29.627,21.248,1.2812
28.949,27.212,24.432,22.921,29.134,21.975,22.295,29.023,28.905,24.267,26.064,27.507,22.157,23.368,21.893,20.671,1.3113
20.332,28.695,27.572,26.216,21.693,28.676,21.671,26.508,26.506,29.873,22.701,20.038,26.404,20.276,28.554,24.276,1.335
20.642,21.604,25.35,21.491,25.789,20.184,24.833,29.153,27.337,27.955,25.666,26.722,25.593,24.619,22.431,21.966,1.2523
20.479,23.375,21.636,28.128,24.966,24.053,26.514,25.765,25.644,26.46,24.52,24.301,26.692,28.044,20.427,23.629,1.1737
26.467,27.057,22.313,21.612,29.264,27.558,20.1,25.491,27.616,25.83,24.035,26.872,21.615,29.661,28.578,29.131,1.2611
21.247,21.264,29.082,21.688,23.973,25.698,28.218,21.243,28.264,27.388,23.766,25.879,29.279,26.413,29.334,29.632,1.2517
28.52,27.657,28.256,26.103,27.219,23.2,28.44,20.998,21.494,22.488,27.28,20.69,23.746,24.415,27.433,27.197,1.3059
25.793,25.393,24.002,21.012,25.471,23.548,23.636,25.33,25.158,21.428,26.931,22.144,23.106,22.807,21.506,21.105,1.2905
26.551,23.865,21.969,24.312,27.621,23.352,25.584,28.67,22.781,22.914,23.111,20.405,23.906,22.529,28.238,22.233,1.2639
23.472,23.599,29.138,23.531,27.324,29.371,26.15,29.729,29.885,26.298,23.688,27,26.303,28.463,26.966,25.575,1.1551
24.118,25.736,26.991,29.176,27.996,28.049,25.007,23.52,20.998,28.045,21.512,24.774,22.704,22.693,26.517,27.909,1.2652
29.854,20.231,22.735,27.69,27.86,21.722,28.178,20.984,25.672,28.083,27.986,29.227,27.494,23.422,20.472,26.679,1.3049
28.498,24.032,20.155,20.654,27.573,29.547,26.032,23.344,25.705,25.707,23.322,25.164,20.821,22.514,27.665,20.348,1.323
26.216,23.083,28.808,21.771,24.389,22.81,26.347,23.032,21.802,20.681,21.717,24.583,23.611,23.525,25.239,26.381,1.2478
20.32,23.333,26.399,28.755,29.952,24.233,25.915,23.953,23.974,28.194,23.035,22.405,25.593,25.168,21.37,20.924,1.2722
29.798,20.618,22.489,28.001,20.456,24.832,23.603,25.873,21.734,27.854,29.249,24.536,24.259,23.195,21.677,28.742,1.2815
24.988,29.808,24.348,21.462,27.315,27.255,21.961,23.264,27.456,22.554,29.704,21.818,21.171,25.285,25.922,22.557,1.3001
24.806,20.962,27.507,26.77,29.173,20.544,22.764,23.515,24.485,29.853,27.971,25.89,28.131,25.196,26.469,29.679,1.2311
26.32,22.068,28.529,24.452,21.396,23.721,26.981,27.884,22.568,22.267,21.431,21.586,29.353,24.772,26.426,29.667,1.288
22.48,24.793,29.18,29.711,27.78,20.583,24.208,28.223,22.188,22.028,27.601,22.401,25.285,29.723,26.494,26.463,1.2693
27.213,26.223,20.356,27.007,22.89,27.648,20.02,22.597,25.995,23.749,22.324,21.097,22.036,29.718,22.658,25.26,1.33
28.334,21.42,26.763,22.916,24.149,21.895,28.111,28.941,29.447,28.628,21.186,28.712,23.104,28.21,28.579,22.305,1.2994
21.285,21.73,29.632,28.146,29.861,24.868,24.918,25.692,20.522,20.161,27.508,28.33,26.401,24.374,27.425,23.378,1.2424
27.599,27.255,24.613,22.928,28.178,29.432,21.408,24.902,24.805,24.339,24.494,25.729,27.352,20.424,22.507,21.1,1.2429
24.231,21.596,25.925,29.797,23.762,26.25,24.151,21.935,25.916,20.308,27.984,27.867,24.534,20.409,28.339,23.309,1.2389
26.96,29.275,24.723,23.55,20.927,24.59,24.572,27.345,24.159,29.81,26.67,20.803,22.425,22.856,27.434,29.263,1.2474
28.94,22.082,29.876,26.713,23.695,23.713,29.969,29.35,29.604,25.01,22.996,29.54,28.737,25.801,20.232,27.236,1.2485
23.833,23.385,27.808,27.37,29.9,27.98,28.786,22.466,28.863,23.18,24.691,29.348,29.484,28.559,22.827,20.148,1.2789
21.49,27.106,21.363,23.059,28.549,24.386,22.211,20.467,21.571,29.217,27.306,27.874,28.014,23.631,25.762,23.246,1.2715
26.174,28.786,21.907,21.706,21.5,21.581,25.355,28.443,25.065,29.02,24.791,23.839,29.791,21.617,23.126,21.413,1.2975
24.192,25.935,26.079,22.203,22.424,22.692,26.029,20.625,26.248,20.736,22.113,29.308,29.746,22.586,28.233,20.566,1.32
20.327,27.384,22.116,22.235,24.701,28.902,28.243,21.488,20.73,23.547,26.967,24.73,26.429,25.958,29.98,26.275,1.2391
26.245,21.782,24.585,29.187,21.64,20.282,28.281,25.861,23.881,24.526,24.819,22.446,22.253,28.963,26.556,21.222,1.289
25.359,23.882,28.391,20.755,29.568,23.642,25.728,26.906,21,21.588,24.702,22.136,28.658,23.565,20.821,26.171,1.2861
29.738,23.365,22.575,28.576,24.86,24.261,21.185,24.404,20.925,26.05,20.75,21.934,21.506,29.867,25.478,24.395,1.2734
24.368,20.488,21.032,24.163,22.142,23.93,22.616,27.124,29.426,22.911,25.84,21.076,25.905,21.576,26.634,28.276,1.2816
22.548,27.227,22.511,23.178,25.144,20.935,25.695,26.35,23.764,27.876,24.747,24.31,24.191,29.925,25.669,29.509,1.1683
27.563,20.533,20.257,29.596,26.37,20.97,20.954,20.912,23.376,20.831,22.202,28.919,27.54,26.576,21.89,26.533,1.4008
25.786,27.036,24.121,25.381,27.213,25.527,21.407,23.944,22.065,20.114,23.701,27.762,24.177,24.568,21.201,20.738,1.271
24.175,23.738,24.353,27.802,25.508,23.185,24.099,26.511,22.946,21.165,21.356,24.931,28.658,28.589,29.843,27.308,1.2144
25.936,29.191,28.535,29.425,20.819,22.854,20.963,26.474,24.356,21.137,26.482,26.332,20.786,20.966,26.689,27.875,1.313
26.705,28.421,21.575,22.558,26.98,27.851,26.449,25.983,20.041,28.856,22.491,28.624,23.6,28.731,28.308,24.392,1.2597
25.269,23.475,23.054,22.872,22.66,24.91,28.549,23.608,21.156,20.318,24.354,28.738,23.288,23.14,20.013,27.245,1.261
20.032,23.065,29.657,23.748,23.266,28.766,28.011,24.583,26.233,27.266,26.326,28.003,29.169,28.007,25.283,27.079,1.1652
24.806,20.144,22.875,26.467,23.846,26.566,28.806,26.019,26.33,29.458,26.365,28.692,29.174,29.576,21.121,26.333,1.1884
20.197,28.317,21.696,22.529,26.301,21.742,26.364,23.325,29.978,27.772,20.904,20.861,20.858,24.035,25.169,29.073,1.3161
25.71,28.069,27.268,29.388,29.91,25.154,21.89,23.245,23.187,24.072,29.195,20.085,25.959,21.018,28.558,29.99,1.286
24.423,24.793,23.111,20.102,23.498,26.792,23.269,20.357,26.624,28.776,20.18,21.306,23.365,22.013,27.579,26.711,1.2997
20.599,23.017,21.012,28.14,26.104,28.564,21.087,29.444,21.265,20.245,28.005,21.151,28.958,27.094,21.826,23.275,1.3616
20.712,26.619,21.325,22.245,28.041,28.388,29.394,29.862,24.037,26.807,28.37,23.424,29.344,29.75,21.372,23.228,1.2818
24.558,23.436,26.479,24.559,20.173,21.809,26.058,23.779,27.492,27.54,29.302,20.298,20.486,27.333,22.523,20.315,1.3067
28.646,29.822,25.467,29.76,29.234,27.522,27.021,26.291,26.584,23.966,20.406,25.069,21.318,20.313,26.928,25.195,1.2653
24.453,21.996,27.211,26.984,26.764,24.253,25.259,20.293,21.186,25.871,20.289,23.52,24.237,23.142,22.98,29.438,1.241
24.132,24.484,23.8,26.204,25.427,25.215,24.506,21.93,28.155,28.987,26.469,21.579,29.934,27.626,20.777,23.021,1.2016
23.554,20.311,25.403,27.238,26.859,23.385,21.655,23.769,28.374,27.939,21.198,21.964,24.447,28.393,20.544,25.248,1.2827
22.729,26.405,29.864,26.713,22.888,22.812,24.553,22.472,25.342,22.687,23.736,24.241,28.28,21.081,25.642,29.568,1.2354
25.162,23.672,22.654,25.485,27.034,21.65,24.851,20.926,23.084,20.608,25.695,26.588,25.998,26.46,23.4,28.19,1.208
21.973,29.99,20.161,22.334,22.314,21.668,24.234,23.147,29.1,21.852,21.088,20.996,21.552,25.567,28.758,29.685,1.3697
22.784,27.905,24.329,24.533,28.814,21.142,24.698,26.615,28.554,25.997,20.849,23.873,24.843,23.915,20.293,22.23,1.2368
21.361,25.408,20.763,26.089,27.555,23.978,21.009,28.13,28.911,20.286,22.483,29.292,25.397,25.019,23.017,29.831,1.2983
29.005,21.14,25.077,26.012,29.797,28.401,24.107,28.565,27.386,21.494,20.21,24.425,20.982,27.237,26.095,27.92,1.2719
26.055,28.007,21.022,24.254,28.938,25.221,25.584,27.818,27.654,21.361,28.818,24.448,25.164,27.443,22.876,24.749,1.2192
25.765,27.123,25.879,22.278,28.692,25.184,28.619,20.137,27.988,21.884,29.756,26.193,24.735,29.564,28.58,26.458,1.231
29.436,26.6,27.472,26.508,23.975,21.174,26.374,26.139,20.535,29.957,20.517,25.172,21.864,27.327,28.39,27.637,1.2677
23.421,28.407,23.735,24.398,21.314,29.588,26.27,21.13,29.279,24.13,28.181,22.369,23.029,25.952,23.742,25.797,1.2405
27.611,28.307,21.762,22.334,20.661,22.534,28.792,21.339,20.462,20.951,29.624,25.396,29.603,28.849,26.972,24.445,1.3207
20.175,21.792,26.402,24.982,26.565,22.412,20.984,22.474,25.374,26.265,22.471,28.179,21.319,24.876,20.563,23.451,1.3169
22.77,23.842,26.766,22.605,23.99,27.394,29.844,26.647,25.108,21.251,28.179,23.738,23.589,23.612,28.7,21.046,1.2353
20.153,21.209,27.127,27.182,29.544,29.48,27.747,26.013,21.302,29.172,21.031,27.551,23.927,20.451,26.903,25.644,1.3152
25.362,23.251,26.425,20.03,25.906,25.995,23.582,25.332,22.752,21.838,26.061,27.691,22.267,28.973,20.835,22.896,1.2722
26.955,23.735,26.906,26.857,28.847,29.932,27.916,22.491,20.711,23.018,20.554,24.651,27.496,24.462,26.67,22.023,1.2796
28.699,27.317,27.927,20.567,23.802,28.625,25.686,28.296,25.693,24.836,23.767,25.424,29.598,26.985,26.312,21.874,1.2219
26.106,23.632,24.912,25.034,29.991,27.884,28.506,25.264,27.405,28.036,20.756,24.623,27.267,21.251,25.816,29.453,1.2003
22.948,27.378,24.016,22.199,23.173,27.52,25.161,26.192,27.533,28.953,26.503,21.001,25.63,28.93,20.744,25.606,1.1976
21.369,26.271,29.395,27.859,27.522,26.17,24.813,29.836,24.45,25.77,26.148,22.454,20.578,23.976,21.748,24.551,1.2377
23.461,24.057,29.197,28.595,23.374,29.234,21.591,21.868,25.533,26.474,24.101,23.933,25.571,21.216,20.801,20.882,1.2911
20.885,25.524,25.69,29.338,29.775,23.797,22.616,23.921,25.853,21.873,23.356,29.081,28.977,28.091,27.268,26.866,1.2517
21.955,20.231,26.415,29.963,23.326,21.884,24.983,23.365,29.519,21.878,21.92,26.158,27.977,21.315,28.655,29.365,1.3226
28.89,20.042,22.2,28.45,28.859,28.209,23.11,28.02,28.364,24.575,20.462,21.817,24.196,26.814,28.593,21.674,1.3112
20.37,24.227,23.211,21.836,20.175,26.6,20.021,27.205,22.948,27.834,29.515,27.674,28.753,23.389,28.381,24.977,1.2798
26.782,28.762,28.624,27.619,24.602,27.446,29.233,28.576,28.595,23.924,26.407,23.636,26.721,20.029,27.496,20.393,1.2658
21.484,22.995,29.935,29.597,27.539,23.756,25.072,24.667,28.3,21.976,28.285,24.034,29.448,24.328,29.095,26.365,1.2259
24.469,27.799,27.884,21.17,29.982,21.639,24.62,27.214,26.483,23.93,24.357,22.219,26.132,27.406,26.167,28.816,1.2335
24.357,21.053,21.645,21.895,25.167,22.813,22.908,27.387,21.242,24.939,25.024,27.053,28.658,29.804,24.217,28.385,1.2076
27.189,23.561,27.89,25.713,21.773,27.621,24.29,29.852,27.206,27.256,20.693,23.007,24.941,29.229,25.027,25.089,1.2136
28.05,20.592,22.315,22.373,26.426,23.934,23.59,25.291,23.417,25.388,20.749,26.059,24.389,27.134,24.219,27.549,1.1817
25.862,20.172,25.57,22.644,25.513,22.213,24.63,21.5,20.139,20.879,26.138,28.316,21.883,28.325,22.339,28.283,1.3301
25.236,29.97,23.042,21.427,25.759,22.565,29.646,24.83,23.561,21.618,25.789,20.966,20.91,21.302,28.422,29.588,1.3155
22.58,24.495,29.874,25.163,22.53,28.224,27.158,29.543,27.907,27.342,25.888,22.101,29.669,28.714,21.755,23.702,1.2306
27.564,22.243,29.139,29.798,29.618,23.155,26.713,25.729,29.655,29.646,27.131,22.513,28.736,22.87,20.979,26.472,1.2854
26.671,26.623,29.61,29.545,21.343,24.539,21.154,25.056,27.641,26.929,23.303,29.098,20.421,28.677,21.526,23.151,1.2981
26.624,26.722,29.504,21.87,20.175,26.344,23.616,20.255,23.07,23.857,28.914,22.723,20.655,20.336,22.203,29.523,1.3509
25.811,23.067,24.33,28.416,28.258,26.07,25.16,25.678,27.799,20.166,20.286,24.82,24.747,26.067,23.335,25.663,1.1761
29.132,20.299,26.819,25.768,20.827,20.483,27.534,29.894,23.601,29.092,28.37,21.854,24.754,28.776,29.037,25.349,1.2946
28.538,27.676,22.502,24.452,22.573,25.32,27.274,21.908,27.029,29.183,20.689,23.176,22.097,26.243,21.141,23.853,1.2954
29.845,25.702,26.979,25.699,27.941,20.431,24.163,25.176,21.878,22.578,21.948,23.568,20.786,20.649,23.992,26.212,1.3091
